0.000000000000000000e+00 6.263928459999999809e+00
1.000000000000000021e-03 6.083766269999999921e+00
2.000000000000000042e-03 5.967160129999999896e+00
3.000000000000000062e-03 6.061316030000000410e+00
4.000000000000000083e-03 6.014533100000000410e+00
5.000000000000000104e-03 6.033739019999999620e+00
6.000000000000000125e-03 5.973480770000000106e+00
7.000000000000000146e-03 6.023747300000000138e+00
8.000000000000000167e-03 6.039531479999999952e+00
8.999999999999999320e-03 6.267405039999999872e+00
1.000000000000000021e-02 5.898406549999999804e+00
1.099999999999999936e-02 5.939983380000000146e+00
1.200000000000000025e-02 5.950213839999999976e+00
1.299999999999999940e-02 6.064176040000000434e+00
1.400000000000000029e-02 6.047148240000000285e+00
1.499999999999999944e-02 5.958414659999999863e+00
1.600000000000000033e-02 6.026370499999999630e+00
1.700000000000000122e-02 5.940258359999999627e+00
1.799999999999999864e-02 5.973482920000000362e+00
1.899999999999999953e-02 5.865781319999999965e+00
2.000000000000000042e-02 6.057963090000000328e+00
2.100000000000000130e-02 6.071916530000000201e+00
2.199999999999999872e-02 5.950825739999999975e+00
2.299999999999999961e-02 6.114892049999999912e+00
2.400000000000000050e-02 5.886388239999999605e+00
2.500000000000000139e-02 5.946163369999999837e+00
2.599999999999999881e-02 5.961350419999999595e+00
2.699999999999999969e-02 5.873400410000000349e+00
2.800000000000000058e-02 5.997370970000000412e+00
2.900000000000000147e-02 5.855113470000000042e+00
2.999999999999999889e-02 5.960539990000000010e+00
3.099999999999999978e-02 5.735642689999999710e+00
3.200000000000000067e-02 5.863319100000000006e+00
3.300000000000000155e-02 6.025537710000000047e+00
3.400000000000000244e-02 5.986229269999999936e+00
3.500000000000000333e-02 6.086388709999999591e+00
3.599999999999999728e-02 5.895793920000000021e+00
3.699999999999999817e-02 5.801713170000000197e+00
3.799999999999999906e-02 6.153485319999999703e+00
3.899999999999999994e-02 5.912898600000000116e+00
4.000000000000000083e-02 5.668469530000000312e+00
4.100000000000000172e-02 5.827824610000000405e+00
4.200000000000000261e-02 6.036010560000000247e+00
4.299999999999999656e-02 5.965306639999999661e+00
4.399999999999999745e-02 5.887764879999999756e+00
4.499999999999999833e-02 5.931800629999999686e+00
4.599999999999999922e-02 5.929459119999999750e+00
4.700000000000000011e-02 5.859444149999999851e+00
4.800000000000000100e-02 5.907956869999999583e+00
4.900000000000000189e-02 5.957453100000000390e+00
5.000000000000000278e-02 5.864186550000000331e+00
5.099999999999999672e-02 5.953441060000000284e+00
5.199999999999999761e-02 6.022306709999999619e+00
5.299999999999999850e-02 5.922889139999999664e+00
5.399999999999999939e-02 5.846214419999999912e+00
5.500000000000000028e-02 5.814664650000000101e+00
5.600000000000000117e-02 6.109243969999999635e+00
5.700000000000000205e-02 6.046306509999999967e+00
5.800000000000000294e-02 5.949745420000000173e+00
5.899999999999999689e-02 5.841027190000000147e+00
5.999999999999999778e-02 5.981830539999999807e+00
6.099999999999999867e-02 5.897437309999999933e+00
6.199999999999999956e-02 6.073225029999999691e+00
6.300000000000000044e-02 6.032248459999999923e+00
6.400000000000000133e-02 5.947496189999999849e+00
6.500000000000000222e-02 6.072150060000000238e+00
6.600000000000000311e-02 5.938314509999999657e+00
6.700000000000000400e-02 5.955277630000000322e+00
6.800000000000000488e-02 5.740428139999999679e+00
6.900000000000000577e-02 5.735395640000000128e+00
7.000000000000000666e-02 5.986705439999999712e+00
7.099999999999999367e-02 5.980369480000000237e+00
7.199999999999999456e-02 5.953741629999999674e+00
7.299999999999999545e-02 6.081625360000000313e+00
7.399999999999999634e-02 5.946662469999999701e+00
7.499999999999999722e-02 5.974608159999999835e+00
7.599999999999999811e-02 6.002582639999999969e+00
7.699999999999999900e-02 5.818462910000000043e+00
7.799999999999999989e-02 5.856196370000000151e+00
7.900000000000000078e-02 5.922103869999999937e+00
8.000000000000000167e-02 5.868777080000000090e+00
8.100000000000000255e-02 5.966046650000000007e+00
8.200000000000000344e-02 5.948707050000000329e+00
8.300000000000000433e-02 5.900322590000000034e+00
8.400000000000000522e-02 5.910207790000000294e+00
8.500000000000000611e-02 5.950306999999999569e+00
8.599999999999999312e-02 5.830642309999999995e+00
8.699999999999999400e-02 5.920980349999999781e+00
8.799999999999999489e-02 6.032394789999999674e+00
8.899999999999999578e-02 5.889330720000000241e+00
8.999999999999999667e-02 5.643819859999999800e+00
9.099999999999999756e-02 5.956212269999999975e+00
9.199999999999999845e-02 6.055115039999999560e+00
9.299999999999999933e-02 5.965293889999999877e+00
9.400000000000000022e-02 5.929654140000000240e+00
9.500000000000000111e-02 5.931794639999999674e+00
9.600000000000000200e-02 5.823781929999999996e+00
9.700000000000000289e-02 6.043938759999999633e+00
9.800000000000000377e-02 6.071953480000000347e+00
9.900000000000000466e-02 5.953162670000000212e+00
1.000000000000000056e-01 6.101475340000000358e+00
1.010000000000000064e-01 5.845811170000000168e+00
1.019999999999999934e-01 5.914958129999999592e+00
1.029999999999999943e-01 5.818442400000000347e+00
1.039999999999999952e-01 5.880025119999999994e+00
1.049999999999999961e-01 5.910643539999999696e+00
1.059999999999999970e-01 5.763458550000000180e+00
1.069999999999999979e-01 5.829275729999999989e+00
1.079999999999999988e-01 5.925608809999999949e+00
1.089999999999999997e-01 6.076617970000000035e+00
1.100000000000000006e-01 5.818152229999999925e+00
1.110000000000000014e-01 5.869177520000000037e+00
1.120000000000000023e-01 5.980481219999999709e+00
1.130000000000000032e-01 5.735002780000000300e+00
1.140000000000000041e-01 5.939219809999999988e+00
1.150000000000000050e-01 5.897475749999999906e+00
1.160000000000000059e-01 5.808828160000000018e+00
1.170000000000000068e-01 6.005804000000000364e+00
1.179999999999999938e-01 5.939566079999999637e+00
1.189999999999999947e-01 5.982904930000000121e+00
1.199999999999999956e-01 5.898322580000000315e+00
1.209999999999999964e-01 5.975448450000000022e+00
1.219999999999999973e-01 5.610551039999999823e+00
1.229999999999999982e-01 5.851246500000000239e+00
1.239999999999999991e-01 5.863991659999999939e+00
1.250000000000000000e-01 5.944592450000000028e+00
1.260000000000000009e-01 5.841111589999999687e+00
1.270000000000000018e-01 5.926252179999999647e+00
1.280000000000000027e-01 5.995663580000000437e+00
1.290000000000000036e-01 5.784125689999999764e+00
1.300000000000000044e-01 6.063673800000000114e+00
1.310000000000000053e-01 5.964742280000000285e+00
1.320000000000000062e-01 5.950269969999999908e+00
1.330000000000000071e-01 5.883939309999999701e+00
1.340000000000000080e-01 5.704430069999999908e+00
1.350000000000000089e-01 5.929558120000000265e+00
1.360000000000000098e-01 5.969653680000000406e+00
1.370000000000000107e-01 5.838494159999999766e+00
1.380000000000000115e-01 5.765085970000000337e+00
1.390000000000000124e-01 5.754940239999999818e+00
1.400000000000000133e-01 5.705327109999999813e+00
1.409999999999999865e-01 5.923591990000000251e+00
1.419999999999999873e-01 6.033156319999999795e+00
1.429999999999999882e-01 5.834356599999999560e+00
1.439999999999999891e-01 5.930354219999999899e+00
1.449999999999999900e-01 5.924444030000000083e+00
1.459999999999999909e-01 5.811247820000000175e+00
1.469999999999999918e-01 5.881439969999999740e+00
1.479999999999999927e-01 5.774126319999999701e+00
1.489999999999999936e-01 5.879095740000000347e+00
1.499999999999999944e-01 5.733632590000000029e+00
1.509999999999999953e-01 5.875198280000000217e+00
1.519999999999999962e-01 5.909881790000000024e+00
1.529999999999999971e-01 6.015667330000000312e+00
1.539999999999999980e-01 5.802705379999999913e+00
1.549999999999999989e-01 5.967175880000000099e+00
1.559999999999999998e-01 6.048592779999999891e+00
1.570000000000000007e-01 5.836644129999999819e+00
1.580000000000000016e-01 5.979241130000000126e+00
1.590000000000000024e-01 5.855284270000000291e+00
1.600000000000000033e-01 6.101110219999999806e+00
1.610000000000000042e-01 6.020185149999999652e+00
1.620000000000000051e-01 5.812382760000000204e+00
1.630000000000000060e-01 6.002920450000000407e+00
1.640000000000000069e-01 6.052155349999999601e+00
1.650000000000000078e-01 5.729315829999999998e+00
1.660000000000000087e-01 5.790222939999999596e+00
1.670000000000000095e-01 5.854648100000000355e+00
1.680000000000000104e-01 5.752290129999999557e+00
1.690000000000000113e-01 5.895981449999999846e+00
1.700000000000000122e-01 5.985806489999999869e+00
1.710000000000000131e-01 5.809784129999999713e+00
1.719999999999999862e-01 5.941656219999999600e+00
1.729999999999999871e-01 5.945752490000000279e+00
1.739999999999999880e-01 6.059405110000000150e+00
1.749999999999999889e-01 5.841455490000000417e+00
1.759999999999999898e-01 5.994575710000000335e+00
1.769999999999999907e-01 5.811124930000000077e+00
1.779999999999999916e-01 5.887798069999999662e+00
1.789999999999999925e-01 5.916031760000000084e+00
1.799999999999999933e-01 6.010095849999999906e+00
1.809999999999999942e-01 5.943728949999999678e+00
1.819999999999999951e-01 5.817412029999999845e+00
1.829999999999999960e-01 5.790039219999999709e+00
1.839999999999999969e-01 5.846380889999999830e+00
1.849999999999999978e-01 5.878762889999999963e+00
1.859999999999999987e-01 5.701944089999999576e+00
1.869999999999999996e-01 5.849675880000000383e+00
1.880000000000000004e-01 5.906079069999999653e+00
1.890000000000000013e-01 5.869717520000000022e+00
1.900000000000000022e-01 5.776944900000000160e+00
1.910000000000000031e-01 5.650997320000000101e+00
1.920000000000000040e-01 5.812356040000000057e+00
1.930000000000000049e-01 5.933324039999999577e+00
1.940000000000000058e-01 5.828787610000000008e+00
1.950000000000000067e-01 5.967736539999999756e+00
1.960000000000000075e-01 5.890294860000000021e+00
1.970000000000000084e-01 5.851781919999999637e+00
1.980000000000000093e-01 5.873642870000000293e+00
1.990000000000000102e-01 6.076885749999999753e+00
2.000000000000000111e-01 6.017351530000000004e+00
2.010000000000000120e-01 5.975714140000000008e+00
2.020000000000000129e-01 5.838048269999999818e+00
2.030000000000000138e-01 5.552131570000000238e+00
2.039999999999999869e-01 5.727358559999999876e+00
2.049999999999999878e-01 5.854653329999999656e+00
2.059999999999999887e-01 5.921556429999999871e+00
2.069999999999999896e-01 5.927189270000000398e+00
2.079999999999999905e-01 5.928528980000000281e+00
2.089999999999999913e-01 5.918727030000000333e+00
2.099999999999999922e-01 5.874342440000000387e+00
2.109999999999999931e-01 5.989584680000000105e+00
2.119999999999999940e-01 5.771260169999999690e+00
2.129999999999999949e-01 5.834696349999999754e+00
2.139999999999999958e-01 5.883402570000000331e+00
2.149999999999999967e-01 5.848130040000000029e+00
2.159999999999999976e-01 6.054751590000000405e+00
2.169999999999999984e-01 5.779942339999999845e+00
2.179999999999999993e-01 5.746372720000000101e+00
2.190000000000000002e-01 5.719202850000000282e+00
2.200000000000000011e-01 5.880094790000000238e+00
2.210000000000000020e-01 5.847492749999999795e+00
2.220000000000000029e-01 5.773767409999999600e+00
2.230000000000000038e-01 5.918801590000000168e+00
2.240000000000000047e-01 5.869369479999999584e+00
2.250000000000000056e-01 5.984834590000000176e+00
2.260000000000000064e-01 5.908849619999999803e+00
2.270000000000000073e-01 5.714422420000000002e+00
2.280000000000000082e-01 6.003464710000000260e+00
2.290000000000000091e-01 5.758933449999999787e+00
2.300000000000000100e-01 5.756879869999999677e+00
2.310000000000000109e-01 5.953204399999999730e+00
2.320000000000000118e-01 5.628434099999999773e+00
2.330000000000000127e-01 5.672877910000000412e+00
2.340000000000000135e-01 5.903211569999999853e+00
2.349999999999999867e-01 5.887175079999999561e+00
2.359999999999999876e-01 5.812632350000000336e+00
2.369999999999999885e-01 5.963999140000000310e+00
2.379999999999999893e-01 5.842723949999999888e+00
2.389999999999999902e-01 5.936015590000000230e+00
2.399999999999999911e-01 5.953974200000000216e+00
2.409999999999999920e-01 5.951203409999999749e+00
2.419999999999999929e-01 5.821485509999999586e+00
2.429999999999999938e-01 5.881869530000000346e+00
2.439999999999999947e-01 5.870975729999999615e+00
2.449999999999999956e-01 5.890091520000000358e+00
2.459999999999999964e-01 5.824942049999999760e+00
2.469999999999999973e-01 5.681136300000000361e+00
2.479999999999999982e-01 5.792861010000000199e+00
2.489999999999999991e-01 5.734296610000000349e+00
2.500000000000000000e-01 5.780381180000000008e+00
2.510000000000000009e-01 6.021409760000000055e+00
2.520000000000000018e-01 5.901275309999999941e+00
2.530000000000000027e-01 5.638926439999999651e+00
2.540000000000000036e-01 5.861020459999999765e+00
2.550000000000000044e-01 5.835315050000000170e+00
2.560000000000000053e-01 5.841143869999999794e+00
2.570000000000000062e-01 5.838188640000000262e+00
2.580000000000000071e-01 5.977435230000000210e+00
2.590000000000000080e-01 5.722166839999999866e+00
2.600000000000000089e-01 5.961236920000000161e+00
2.610000000000000098e-01 6.014521130000000326e+00
2.620000000000000107e-01 5.832337759999999705e+00
2.630000000000000115e-01 5.931447079999999872e+00
2.640000000000000124e-01 5.906242530000000102e+00
2.650000000000000133e-01 5.753767930000000419e+00
2.660000000000000142e-01 5.760086430000000313e+00
2.670000000000000151e-01 5.637176669999999667e+00
2.680000000000000160e-01 5.800565549999999959e+00
2.690000000000000169e-01 5.905971759999999904e+00
2.700000000000000178e-01 6.019176569999999948e+00
2.710000000000000187e-01 5.889633670000000265e+00
2.720000000000000195e-01 5.763250260000000402e+00
2.730000000000000204e-01 5.987988549999999854e+00
2.740000000000000213e-01 5.770082829999999774e+00
2.750000000000000222e-01 5.786694250000000039e+00
2.760000000000000231e-01 5.793738710000000403e+00
2.770000000000000240e-01 5.733055710000000360e+00
2.780000000000000249e-01 5.846457649999999617e+00
2.790000000000000258e-01 5.811562089999999792e+00
2.800000000000000266e-01 5.891720699999999589e+00
2.810000000000000275e-01 5.867275349999999889e+00
2.819999999999999729e-01 5.880722480000000196e+00
2.829999999999999738e-01 5.807542319999999592e+00
2.839999999999999747e-01 5.783059360000000204e+00
2.849999999999999756e-01 5.827657409999999594e+00
2.859999999999999765e-01 5.902193959999999961e+00
2.869999999999999774e-01 5.632207069999999760e+00
2.879999999999999782e-01 5.902588119999999883e+00
2.889999999999999791e-01 5.569526609999999600e+00
2.899999999999999800e-01 5.897597939999999817e+00
2.909999999999999809e-01 5.808149990000000429e+00
2.919999999999999818e-01 5.915916349999999824e+00
2.929999999999999827e-01 5.725312510000000188e+00
2.939999999999999836e-01 5.906995410000000390e+00
2.949999999999999845e-01 5.866951770000000010e+00
2.959999999999999853e-01 5.801109079999999807e+00
2.969999999999999862e-01 5.851829000000000391e+00
2.979999999999999871e-01 5.824912669999999792e+00
2.989999999999999880e-01 5.904772239999999783e+00
2.999999999999999889e-01 5.926638020000000395e+00
3.009999999999999898e-01 5.986265669999999872e+00
3.019999999999999907e-01 5.998156329999999592e+00
3.029999999999999916e-01 5.935209350000000050e+00
3.039999999999999925e-01 5.861848939999999786e+00
3.049999999999999933e-01 5.777259120000000081e+00
3.059999999999999942e-01 5.916843130000000173e+00
3.069999999999999951e-01 5.868085650000000264e+00
3.079999999999999960e-01 5.960547440000000030e+00
3.089999999999999969e-01 5.724726509999999990e+00
3.099999999999999978e-01 5.810054219999999603e+00
3.109999999999999987e-01 5.958073540000000001e+00
3.119999999999999996e-01 5.872547029999999779e+00
3.130000000000000004e-01 5.887519349999999818e+00
3.140000000000000013e-01 5.893753379999999709e+00
3.150000000000000022e-01 5.943604449999999595e+00
3.160000000000000031e-01 5.741299340000000306e+00
3.170000000000000040e-01 5.927354839999999569e+00
3.180000000000000049e-01 5.878766989999999915e+00
3.190000000000000058e-01 5.908042039999999773e+00
3.200000000000000067e-01 6.039518219999999715e+00
3.210000000000000075e-01 5.997865909999999801e+00
3.220000000000000084e-01 5.875810200000000094e+00
3.230000000000000093e-01 6.007032510000000158e+00
3.240000000000000102e-01 6.008582969999999968e+00
3.250000000000000111e-01 6.011324250000000369e+00
3.260000000000000120e-01 5.820285300000000106e+00
3.270000000000000129e-01 5.819390330000000056e+00
3.280000000000000138e-01 5.965338479999999777e+00
3.290000000000000147e-01 5.812682040000000327e+00
3.300000000000000155e-01 5.775348529999999592e+00
3.310000000000000164e-01 6.132850780000000057e+00
3.320000000000000173e-01 5.835979120000000187e+00
3.330000000000000182e-01 5.919191299999999600e+00
3.340000000000000191e-01 5.776189669999999943e+00
3.350000000000000200e-01 5.797692770000000273e+00
3.360000000000000209e-01 5.745641280000000073e+00
3.370000000000000218e-01 5.690321980000000224e+00
3.380000000000000226e-01 5.853137929999999933e+00
3.390000000000000235e-01 5.932135970000000036e+00
3.400000000000000244e-01 5.990002229999999983e+00
3.410000000000000253e-01 5.963239549999999944e+00
3.420000000000000262e-01 5.845692409999999839e+00
3.430000000000000271e-01 5.927796139999999880e+00
3.439999999999999725e-01 5.826914450000000301e+00
3.449999999999999734e-01 5.865121470000000059e+00
3.459999999999999742e-01 5.821116649999999559e+00
3.469999999999999751e-01 5.628150080000000166e+00
3.479999999999999760e-01 5.873208939999999600e+00
3.489999999999999769e-01 5.779819340000000416e+00
3.499999999999999778e-01 5.909430719999999582e+00
3.509999999999999787e-01 5.819958340000000341e+00
3.519999999999999796e-01 6.054182169999999807e+00
3.529999999999999805e-01 5.896306809999999565e+00
3.539999999999999813e-01 5.805388050000000355e+00
3.549999999999999822e-01 5.975380509999999923e+00
3.559999999999999831e-01 5.797887639999999898e+00
3.569999999999999840e-01 5.839781030000000150e+00
3.579999999999999849e-01 5.771665940000000106e+00
3.589999999999999858e-01 6.019913530000000179e+00
3.599999999999999867e-01 5.950092169999999570e+00
3.609999999999999876e-01 5.810918759999999850e+00
3.619999999999999885e-01 5.755022860000000406e+00
3.629999999999999893e-01 5.830158639999999615e+00
3.639999999999999902e-01 6.069591100000000239e+00
3.649999999999999911e-01 6.017272300000000129e+00
3.659999999999999920e-01 5.882165259999999840e+00
3.669999999999999929e-01 5.835218929999999915e+00
3.679999999999999938e-01 5.978027100000000260e+00
3.689999999999999947e-01 5.891735459999999591e+00
3.699999999999999956e-01 5.801723919999999701e+00
3.709999999999999964e-01 5.852304310000000065e+00
3.719999999999999973e-01 5.980958580000000246e+00
3.729999999999999982e-01 5.900406000000000262e+00
3.739999999999999991e-01 5.925406500000000243e+00
3.750000000000000000e-01 5.877868050000000011e+00
3.760000000000000009e-01 5.840986299999999964e+00
3.770000000000000018e-01 6.043624580000000357e+00
3.780000000000000027e-01 5.933441600000000093e+00
3.790000000000000036e-01 5.865726640000000103e+00
3.800000000000000044e-01 5.906151470000000181e+00
3.810000000000000053e-01 5.904125330000000282e+00
3.820000000000000062e-01 5.782555890000000254e+00
3.830000000000000071e-01 5.738228059999999964e+00
3.840000000000000080e-01 5.891298560000000073e+00
3.850000000000000089e-01 5.735853230000000025e+00
3.860000000000000098e-01 5.784531180000000106e+00
3.870000000000000107e-01 5.941651089999999691e+00
3.880000000000000115e-01 5.997999609999999926e+00
3.890000000000000124e-01 5.797709860000000326e+00
3.900000000000000133e-01 6.003593359999999990e+00
3.910000000000000142e-01 6.154399640000000282e+00
3.920000000000000151e-01 5.893877849999999974e+00
3.930000000000000160e-01 5.833630969999999749e+00
3.940000000000000169e-01 5.886713320000000138e+00
3.950000000000000178e-01 5.917618140000000082e+00
3.960000000000000187e-01 5.943708889999999911e+00
3.970000000000000195e-01 5.844894090000000375e+00
3.980000000000000204e-01 5.942297889999999860e+00
3.990000000000000213e-01 5.892642740000000323e+00
4.000000000000000222e-01 5.907220449999999623e+00
4.010000000000000231e-01 5.966889169999999964e+00
4.020000000000000240e-01 5.941130590000000211e+00
4.030000000000000249e-01 5.722816090000000244e+00
4.040000000000000258e-01 5.877921589999999696e+00
4.050000000000000266e-01 5.878108229999999601e+00
4.060000000000000275e-01 5.749969619999999892e+00
4.069999999999999729e-01 6.079069729999999616e+00
4.079999999999999738e-01 5.871872839999999982e+00
4.089999999999999747e-01 5.853142300000000020e+00
4.099999999999999756e-01 5.805556730000000165e+00
4.109999999999999765e-01 5.925011300000000425e+00
4.119999999999999774e-01 5.852265899999999910e+00
4.129999999999999782e-01 5.780845209999999845e+00
4.139999999999999791e-01 6.058167100000000360e+00
4.149999999999999800e-01 5.841805210000000415e+00
4.159999999999999809e-01 5.754467009999999938e+00
4.169999999999999818e-01 5.849818939999999579e+00
4.179999999999999827e-01 5.822971599999999803e+00
4.189999999999999836e-01 5.928028219999999848e+00
4.199999999999999845e-01 5.820814180000000171e+00
4.209999999999999853e-01 5.845148029999999828e+00
4.219999999999999862e-01 6.007120549999999781e+00
4.229999999999999871e-01 5.710650000000000226e+00
4.239999999999999880e-01 5.813578139999999728e+00
4.249999999999999889e-01 5.960845820000000295e+00
4.259999999999999898e-01 5.868821640000000173e+00
4.269999999999999907e-01 5.805087300000000283e+00
4.279999999999999916e-01 5.869270479999999957e+00
4.289999999999999925e-01 5.860185930000000099e+00
4.299999999999999933e-01 5.971006359999999624e+00
4.309999999999999942e-01 5.935025719999999616e+00
4.319999999999999951e-01 5.844166440000000406e+00
4.329999999999999960e-01 5.849044830000000417e+00
4.339999999999999969e-01 5.804968009999999623e+00
4.349999999999999978e-01 5.935441080000000369e+00
4.359999999999999987e-01 5.908104380000000155e+00
4.369999999999999996e-01 6.031464549999999925e+00
4.380000000000000004e-01 5.933953650000000302e+00
4.390000000000000013e-01 6.000355260000000079e+00
4.400000000000000022e-01 6.018417460000000219e+00
4.410000000000000031e-01 5.960931809999999942e+00
4.420000000000000040e-01 5.878169820000000101e+00
4.430000000000000049e-01 5.975955289999999920e+00
4.440000000000000058e-01 5.928194239999999837e+00
4.450000000000000067e-01 5.846715829999999947e+00
4.460000000000000075e-01 6.047203330000000321e+00
4.470000000000000084e-01 5.742918150000000388e+00
4.480000000000000093e-01 6.052132310000000182e+00
4.490000000000000102e-01 5.824977770000000277e+00
4.500000000000000111e-01 5.803109140000000110e+00
4.510000000000000120e-01 5.895514140000000403e+00
4.520000000000000129e-01 5.774429450000000408e+00
4.530000000000000138e-01 5.853575199999999867e+00
4.540000000000000147e-01 5.777066869999999632e+00
4.550000000000000155e-01 5.848824229999999957e+00
4.560000000000000164e-01 5.933148339999999799e+00
4.570000000000000173e-01 5.837272089999999913e+00
4.580000000000000182e-01 6.011789409999999556e+00
4.590000000000000191e-01 5.803299840000000209e+00
4.600000000000000200e-01 5.969582019999999822e+00
4.610000000000000209e-01 5.941203179999999584e+00
4.620000000000000218e-01 5.961018140000000187e+00
4.630000000000000226e-01 5.825846190000000036e+00
4.640000000000000235e-01 6.051469009999999926e+00
4.650000000000000244e-01 5.851965589999999828e+00
4.660000000000000253e-01 5.917757749999999817e+00
4.670000000000000262e-01 5.996861390000000291e+00
4.680000000000000271e-01 6.056506399999999957e+00
4.689999999999999725e-01 6.059821340000000056e+00
4.699999999999999734e-01 5.824197139999999884e+00
4.709999999999999742e-01 5.888541580000000053e+00
4.719999999999999751e-01 5.993481090000000400e+00
4.729999999999999760e-01 5.889039419999999581e+00
4.739999999999999769e-01 5.786564949999999818e+00
4.749999999999999778e-01 5.934118490000000357e+00
4.759999999999999787e-01 5.782879000000000325e+00
4.769999999999999796e-01 5.842135820000000201e+00
4.779999999999999805e-01 5.877238619999999969e+00
4.789999999999999813e-01 5.964270950000000404e+00
4.799999999999999822e-01 6.008508649999999562e+00
4.809999999999999831e-01 5.977139290000000216e+00
4.819999999999999840e-01 5.931765689999999758e+00
4.829999999999999849e-01 5.822474429999999757e+00
4.839999999999999858e-01 5.841271909999999679e+00
4.849999999999999867e-01 5.821890409999999960e+00
4.859999999999999876e-01 5.974213879999999754e+00
4.869999999999999885e-01 5.895410329999999810e+00
4.879999999999999893e-01 5.963892640000000078e+00
4.889999999999999902e-01 6.007207020000000064e+00
4.899999999999999911e-01 5.953297199999999734e+00
4.909999999999999920e-01 5.814899239999999914e+00
4.919999999999999929e-01 5.920983650000000154e+00
4.929999999999999938e-01 5.969492129999999896e+00
4.939999999999999947e-01 5.943699869999999663e+00
4.949999999999999956e-01 5.888377819999999652e+00
4.959999999999999964e-01 6.065021060000000297e+00
4.969999999999999973e-01 6.131310820000000383e+00
4.979999999999999982e-01 5.884098299999999782e+00
4.989999999999999991e-01 6.054424939999999644e+00
5.000000000000000000e-01 5.832933399999999935e+00
5.010000000000000009e-01 5.990055820000000253e+00
5.020000000000000018e-01 5.880141550000000272e+00
5.030000000000000027e-01 5.892071510000000067e+00
5.040000000000000036e-01 5.986046850000000141e+00
5.050000000000000044e-01 5.971186209999999939e+00
5.060000000000000053e-01 5.957047430000000254e+00
5.070000000000000062e-01 5.766297459999999653e+00
5.080000000000000071e-01 6.082818930000000179e+00
5.090000000000000080e-01 5.937405649999999646e+00
5.100000000000000089e-01 5.959189870000000333e+00
5.110000000000000098e-01 5.934197440000000157e+00
5.120000000000000107e-01 5.921377500000000182e+00
5.130000000000000115e-01 5.805440179999999728e+00
5.140000000000000124e-01 6.126324069999999899e+00
5.150000000000000133e-01 5.684255290000000294e+00
5.160000000000000142e-01 5.983917820000000276e+00
5.170000000000000151e-01 5.754818209999999823e+00
5.180000000000000160e-01 5.876027760000000377e+00
5.190000000000000169e-01 5.978098390000000428e+00
5.200000000000000178e-01 5.868663279999999816e+00
5.210000000000000187e-01 5.818433800000000211e+00
5.220000000000000195e-01 5.951576000000000199e+00
5.230000000000000204e-01 5.964564590000000166e+00
5.240000000000000213e-01 5.902276589999999601e+00
5.250000000000000222e-01 6.093109049999999804e+00
5.260000000000000231e-01 5.951435509999999596e+00
5.270000000000000240e-01 6.001693040000000146e+00
5.280000000000000249e-01 5.929096809999999884e+00
5.290000000000000258e-01 6.124423089999999625e+00
5.300000000000000266e-01 5.990000099999999605e+00
5.310000000000000275e-01 5.861194099999999629e+00
5.320000000000000284e-01 5.937537830000000127e+00
5.330000000000000293e-01 5.942688119999999685e+00
5.340000000000000302e-01 5.934933560000000163e+00
5.350000000000000311e-01 5.854107260000000146e+00
5.360000000000000320e-01 6.000034180000000106e+00
5.370000000000000329e-01 5.964995110000000267e+00
5.380000000000000338e-01 5.879567980000000027e+00
5.390000000000000346e-01 6.134764569999999750e+00
5.400000000000000355e-01 5.959288479999999666e+00
5.410000000000000364e-01 5.935788310000000401e+00
5.420000000000000373e-01 6.022399799999999637e+00
5.430000000000000382e-01 6.032669539999999664e+00
5.440000000000000391e-01 5.925262799999999608e+00
5.450000000000000400e-01 6.026704989999999817e+00
5.460000000000000409e-01 6.072316540000000096e+00
5.470000000000000417e-01 6.006729479999999732e+00
5.480000000000000426e-01 6.008598850000000269e+00
5.490000000000000435e-01 5.887850829999999647e+00
5.500000000000000444e-01 6.256553809999999771e+00
5.510000000000000453e-01 5.985758800000000157e+00
5.520000000000000462e-01 5.878450690000000201e+00
5.530000000000000471e-01 6.012689570000000039e+00
5.540000000000000480e-01 5.951654600000000350e+00
5.550000000000000488e-01 5.900296199999999658e+00
5.560000000000000497e-01 5.808060349999999872e+00
5.570000000000000506e-01 5.854382679999999617e+00
5.580000000000000515e-01 6.030088400000000348e+00
5.590000000000000524e-01 5.973016059999999960e+00
5.600000000000000533e-01 5.754024239999999679e+00
5.610000000000000542e-01 6.045329449999999660e+00
5.620000000000000551e-01 6.003705380000000424e+00
5.629999999999999449e-01 6.021527859999999954e+00
5.639999999999999458e-01 5.978953899999999599e+00
5.649999999999999467e-01 5.852620429999999985e+00
5.659999999999999476e-01 6.018349429999999778e+00
5.669999999999999485e-01 6.047056279999999617e+00
5.679999999999999494e-01 6.027646800000000304e+00
5.689999999999999503e-01 5.758367790000000319e+00
5.699999999999999512e-01 5.890446479999999596e+00
5.709999999999999520e-01 6.117396689999999637e+00
5.719999999999999529e-01 6.104446890000000181e+00
5.729999999999999538e-01 5.884710179999999902e+00
5.739999999999999547e-01 5.817709640000000348e+00
5.749999999999999556e-01 5.902299010000000123e+00
5.759999999999999565e-01 5.972541569999999744e+00
5.769999999999999574e-01 5.958408259999999679e+00
5.779999999999999583e-01 6.043343140000000169e+00
5.789999999999999591e-01 6.071397789999999794e+00
5.799999999999999600e-01 6.012239010000000050e+00
5.809999999999999609e-01 5.963761149999999844e+00
5.819999999999999618e-01 6.005193189999999959e+00
5.829999999999999627e-01 5.991429860000000218e+00
5.839999999999999636e-01 5.905618099999999870e+00
5.849999999999999645e-01 6.025935679999999905e+00
5.859999999999999654e-01 5.798974430000000346e+00
5.869999999999999662e-01 6.105188870000000101e+00
5.879999999999999671e-01 5.907434620000000081e+00
5.889999999999999680e-01 5.884111719999999934e+00
5.899999999999999689e-01 5.904953980000000158e+00
5.909999999999999698e-01 6.206309309999999968e+00
5.919999999999999707e-01 6.090747480000000103e+00
5.929999999999999716e-01 6.036643080000000161e+00
5.939999999999999725e-01 5.977611539999999835e+00
5.949999999999999734e-01 5.959554889999999716e+00
5.959999999999999742e-01 6.024034699999999631e+00
5.969999999999999751e-01 6.027634830000000221e+00
5.979999999999999760e-01 5.911184849999999713e+00
5.989999999999999769e-01 6.069012329999999622e+00
5.999999999999999778e-01 5.900016319999999759e+00
6.009999999999999787e-01 6.012766639999999718e+00
6.019999999999999796e-01 6.048981320000000217e+00
6.029999999999999805e-01 5.997571449999999693e+00
6.039999999999999813e-01 6.063021159999999909e+00
6.049999999999999822e-01 5.903129759999999671e+00
6.059999999999999831e-01 6.151529700000000211e+00
6.069999999999999840e-01 5.844891950000000058e+00
6.079999999999999849e-01 6.052968919999999642e+00
6.089999999999999858e-01 5.751581550000000043e+00
6.099999999999999867e-01 6.173755070000000345e+00
6.109999999999999876e-01 5.950948689999999708e+00
6.119999999999999885e-01 5.904022190000000059e+00
6.129999999999999893e-01 6.099370399999999748e+00
6.139999999999999902e-01 6.005475090000000016e+00
6.149999999999999911e-01 6.216826949999999741e+00
6.159999999999999920e-01 6.211168940000000305e+00
6.169999999999999929e-01 6.001546460000000138e+00
6.179999999999999938e-01 5.871636819999999979e+00
6.189999999999999947e-01 6.011196260000000180e+00
6.199999999999999956e-01 6.144083030000000001e+00
6.209999999999999964e-01 6.016469129999999943e+00
6.219999999999999973e-01 5.924933320000000059e+00
6.229999999999999982e-01 6.063966390000000040e+00
6.239999999999999991e-01 5.791493120000000161e+00
6.250000000000000000e-01 6.089800430000000375e+00
6.260000000000000009e-01 6.026067489999999971e+00
6.270000000000000018e-01 5.921973859999999590e+00
6.280000000000000027e-01 6.031480550000000385e+00
6.290000000000000036e-01 5.875061449999999574e+00
6.300000000000000044e-01 5.957516799999999613e+00
6.310000000000000053e-01 5.923585850000000264e+00
6.320000000000000062e-01 5.955122369999999776e+00
6.330000000000000071e-01 5.988736770000000043e+00
6.340000000000000080e-01 6.203374600000000072e+00
6.350000000000000089e-01 6.006173190000000162e+00
6.360000000000000098e-01 6.282787940000000404e+00
6.370000000000000107e-01 5.995892569999999644e+00
6.380000000000000115e-01 6.036779570000000206e+00
6.390000000000000124e-01 5.716821640000000038e+00
6.400000000000000133e-01 6.111453710000000150e+00
6.410000000000000142e-01 5.923458039999999869e+00
6.420000000000000151e-01 5.986708219999999692e+00
6.430000000000000160e-01 5.846558260000000118e+00
6.440000000000000169e-01 6.244338720000000009e+00
6.450000000000000178e-01 6.081947869999999590e+00
6.460000000000000187e-01 6.122303920000000232e+00
6.470000000000000195e-01 6.130207389999999812e+00
6.480000000000000204e-01 5.997829290000000313e+00
6.490000000000000213e-01 6.156137140000000230e+00
6.500000000000000222e-01 6.219150800000000423e+00
6.510000000000000231e-01 5.947259650000000342e+00
6.520000000000000240e-01 6.024802550000000423e+00
6.530000000000000249e-01 6.014575019999999661e+00
6.540000000000000258e-01 6.234471509999999661e+00
6.550000000000000266e-01 6.048843279999999822e+00
6.560000000000000275e-01 6.070704029999999918e+00
6.570000000000000284e-01 6.276722930000000034e+00
6.580000000000000293e-01 6.180778690000000353e+00
6.590000000000000302e-01 5.993071450000000411e+00
6.600000000000000311e-01 6.057578789999999991e+00
6.610000000000000320e-01 5.891763700000000270e+00
6.620000000000000329e-01 6.124572050000000267e+00
6.630000000000000338e-01 6.037184009999999823e+00
6.640000000000000346e-01 6.166364970000000056e+00
6.650000000000000355e-01 6.180491029999999775e+00
6.660000000000000364e-01 6.148299670000000106e+00
6.670000000000000373e-01 6.083258780000000421e+00
6.680000000000000382e-01 6.135493349999999957e+00
6.690000000000000391e-01 5.980495219999999890e+00
6.700000000000000400e-01 6.159851009999999683e+00
6.710000000000000409e-01 6.114657789999999871e+00
6.720000000000000417e-01 5.955471290000000195e+00
6.730000000000000426e-01 6.126572040000000108e+00
6.740000000000000435e-01 6.281830170000000102e+00
6.750000000000000444e-01 6.022028800000000182e+00
6.760000000000000453e-01 6.273476389999999903e+00
6.770000000000000462e-01 6.168323850000000164e+00
6.780000000000000471e-01 5.983569860000000240e+00
6.790000000000000480e-01 6.120322719999999883e+00
6.800000000000000488e-01 5.971764649999999897e+00
6.810000000000000497e-01 6.065384840000000111e+00
6.820000000000000506e-01 6.009659450000000014e+00
6.830000000000000515e-01 6.307915209999999995e+00
6.840000000000000524e-01 6.024089420000000139e+00
6.850000000000000533e-01 6.245159459999999996e+00
6.860000000000000542e-01 5.987047200000000124e+00
6.870000000000000551e-01 6.025260300000000235e+00
6.879999999999999449e-01 6.135694919999999719e+00
6.889999999999999458e-01 6.159514159999999627e+00
6.899999999999999467e-01 6.087480320000000056e+00
6.909999999999999476e-01 6.140458180000000432e+00
6.919999999999999485e-01 6.007871630000000351e+00
6.929999999999999494e-01 5.983815090000000225e+00
6.939999999999999503e-01 5.943654579999999577e+00
6.949999999999999512e-01 6.053718230000000311e+00
6.959999999999999520e-01 6.101928059999999654e+00
6.969999999999999529e-01 6.079165899999999567e+00
6.979999999999999538e-01 6.148215930000000107e+00
6.989999999999999547e-01 6.119261139999999877e+00
6.999999999999999556e-01 6.126606469999999582e+00
7.009999999999999565e-01 5.988869150000000197e+00
7.019999999999999574e-01 6.012458930000000201e+00
7.029999999999999583e-01 6.004648579999999569e+00
7.039999999999999591e-01 6.028101269999999623e+00
7.049999999999999600e-01 6.142646830000000335e+00
7.059999999999999609e-01 6.362699459999999974e+00
7.069999999999999618e-01 6.214868230000000437e+00
7.079999999999999627e-01 6.041848400000000119e+00
7.089999999999999636e-01 6.042502289999999832e+00
7.099999999999999645e-01 6.211157700000000226e+00
7.109999999999999654e-01 6.022050240000000443e+00
7.119999999999999662e-01 6.202714669999999764e+00
7.129999999999999671e-01 6.045435369999999864e+00
7.139999999999999680e-01 6.203587970000000062e+00
7.149999999999999689e-01 6.283691990000000338e+00
7.159999999999999698e-01 6.162804399999999738e+00
7.169999999999999707e-01 6.064315380000000033e+00
7.179999999999999716e-01 5.943176089999999689e+00
7.189999999999999725e-01 6.112996410000000047e+00
7.199999999999999734e-01 6.155618959999999973e+00
7.209999999999999742e-01 5.995645080000000071e+00
7.219999999999999751e-01 6.047553220000000174e+00
7.229999999999999760e-01 6.250581910000000185e+00
7.239999999999999769e-01 5.917161730000000119e+00
7.249999999999999778e-01 6.147075430000000118e+00
7.259999999999999787e-01 6.319370550000000364e+00
7.269999999999999796e-01 6.121151170000000086e+00
7.279999999999999805e-01 6.162762459999999720e+00
7.289999999999999813e-01 5.946480519999999714e+00
7.299999999999999822e-01 6.082163679999999850e+00
7.309999999999999831e-01 6.414499000000000173e+00
7.319999999999999840e-01 5.984041969999999822e+00
7.329999999999999849e-01 6.160372019999999615e+00
7.339999999999999858e-01 6.131842709999999919e+00
7.349999999999999867e-01 6.041304399999999575e+00
7.359999999999999876e-01 6.156010010000000143e+00
7.369999999999999885e-01 6.145461140000000100e+00
7.379999999999999893e-01 5.948661730000000425e+00
7.389999999999999902e-01 6.266343810000000403e+00
7.399999999999999911e-01 6.067101530000000409e+00
7.409999999999999920e-01 6.263729709999999784e+00
7.419999999999999929e-01 6.220110069999999602e+00
7.429999999999999938e-01 6.365496659999999807e+00
7.439999999999999947e-01 5.985643200000000164e+00
7.449999999999999956e-01 6.307656320000000427e+00
7.459999999999999964e-01 6.100116289999999886e+00
7.469999999999999973e-01 6.181473549999999761e+00
7.479999999999999982e-01 6.210164449999999725e+00
7.489999999999999991e-01 6.016101199999999594e+00
7.500000000000000000e-01 6.132048939999999781e+00
7.510000000000000009e-01 6.200382460000000151e+00
7.520000000000000018e-01 6.217374979999999773e+00
7.530000000000000027e-01 6.359974939999999854e+00
7.540000000000000036e-01 6.003112190000000403e+00
7.550000000000000044e-01 6.157341970000000053e+00
7.560000000000000053e-01 6.223036249999999825e+00
7.570000000000000062e-01 6.046566209999999941e+00
7.580000000000000071e-01 6.151909999999999989e+00
7.590000000000000080e-01 6.030910770000000198e+00
7.600000000000000089e-01 6.244134579999999879e+00
7.610000000000000098e-01 6.204142240000000363e+00
7.620000000000000107e-01 6.312424919999999773e+00
7.630000000000000115e-01 6.169613049999999710e+00
7.640000000000000124e-01 6.082089850000000020e+00
7.650000000000000133e-01 6.053024739999999682e+00
7.660000000000000142e-01 6.382233239999999697e+00
7.670000000000000151e-01 6.152023790000000325e+00
7.680000000000000160e-01 6.167345309999999969e+00
7.690000000000000169e-01 6.359804500000000083e+00
7.700000000000000178e-01 6.102216460000000176e+00
7.710000000000000187e-01 6.131678649999999564e+00
7.720000000000000195e-01 6.069300160000000055e+00
7.730000000000000204e-01 6.176047510000000074e+00
7.740000000000000213e-01 6.060526819999999759e+00
7.750000000000000222e-01 6.295163559999999769e+00
7.760000000000000231e-01 6.197855910000000357e+00
7.770000000000000240e-01 6.204925170000000101e+00
7.780000000000000249e-01 6.075423680000000104e+00
7.790000000000000258e-01 6.108585660000000139e+00
7.800000000000000266e-01 6.175201780000000085e+00
7.810000000000000275e-01 6.196089569999999824e+00
7.820000000000000284e-01 6.209085009999999905e+00
7.830000000000000293e-01 6.141468800000000172e+00
7.840000000000000302e-01 6.287566349999999638e+00
7.850000000000000311e-01 6.126827879999999560e+00
7.860000000000000320e-01 6.130331769999999736e+00
7.870000000000000329e-01 6.295951230000000010e+00
7.880000000000000338e-01 6.095299510000000254e+00
7.890000000000000346e-01 6.155546570000000273e+00
7.900000000000000355e-01 6.111014189999999680e+00
7.910000000000000364e-01 6.049158499999999883e+00
7.920000000000000373e-01 6.014759899999999604e+00
7.930000000000000382e-01 6.182996199999999831e+00
7.940000000000000391e-01 6.145856099999999600e+00
7.950000000000000400e-01 6.143608819999999859e+00
7.960000000000000409e-01 6.082341600000000348e+00
7.970000000000000417e-01 6.192470400000000375e+00
7.980000000000000426e-01 6.223530740000000172e+00
7.990000000000000435e-01 6.315469069999999796e+00
8.000000000000000444e-01 6.149908029999999748e+00
8.010000000000000453e-01 6.256134509999999871e+00
8.020000000000000462e-01 6.239306540000000290e+00
8.030000000000000471e-01 6.183401159999999841e+00
8.040000000000000480e-01 6.270778439999999954e+00
8.050000000000000488e-01 6.185285069999999941e+00
8.060000000000000497e-01 6.282923349999999907e+00
8.070000000000000506e-01 6.121980940000000260e+00
8.080000000000000515e-01 6.082278490000000204e+00
8.090000000000000524e-01 6.076637840000000068e+00
8.100000000000000533e-01 6.242314590000000329e+00
8.110000000000000542e-01 6.253002630000000117e+00
8.120000000000000551e-01 6.296184020000000103e+00
8.129999999999999449e-01 6.195093280000000036e+00
8.139999999999999458e-01 6.071555110000000255e+00
8.149999999999999467e-01 6.291216089999999816e+00
8.159999999999999476e-01 6.197613839999999819e+00
8.169999999999999485e-01 6.156438969999999955e+00
8.179999999999999494e-01 6.178087679999999970e+00
8.189999999999999503e-01 6.021442020000000284e+00
8.199999999999999512e-01 6.222199800000000280e+00
8.209999999999999520e-01 6.270148709999999959e+00
8.219999999999999529e-01 6.147642150000000250e+00
8.229999999999999538e-01 6.084107369999999904e+00
8.239999999999999547e-01 6.195277469999999731e+00
8.249999999999999556e-01 6.289216210000000196e+00
8.259999999999999565e-01 6.298547229999999608e+00
8.269999999999999574e-01 6.212391519999999723e+00
8.279999999999999583e-01 6.284085209999999755e+00
8.289999999999999591e-01 6.227945179999999858e+00
8.299999999999999600e-01 6.166142100000000070e+00
8.309999999999999609e-01 6.217962619999999774e+00
8.319999999999999618e-01 6.319551879999999677e+00
8.329999999999999627e-01 6.303932470000000343e+00
8.339999999999999636e-01 6.022711029999999965e+00
8.349999999999999645e-01 6.320962559999999897e+00
8.359999999999999654e-01 6.184009999999999785e+00
8.369999999999999662e-01 6.363293549999999854e+00
8.379999999999999671e-01 6.247878359999999631e+00
8.389999999999999680e-01 6.191002619999999901e+00
8.399999999999999689e-01 6.399231649999999938e+00
8.409999999999999698e-01 6.359316559999999896e+00
8.419999999999999707e-01 6.124622950000000010e+00
8.429999999999999716e-01 6.429390510000000170e+00
8.439999999999999725e-01 6.281680180000000391e+00
8.449999999999999734e-01 6.274634999999999962e+00
8.459999999999999742e-01 6.189383330000000072e+00
8.469999999999999751e-01 6.293458919999999956e+00
8.479999999999999760e-01 6.301140089999999638e+00
8.489999999999999769e-01 6.359776749999999979e+00
8.499999999999999778e-01 6.149994719999999582e+00
8.509999999999999787e-01 6.324122280000000096e+00
8.519999999999999796e-01 6.354020389999999630e+00
8.529999999999999805e-01 6.348760529999999846e+00
8.539999999999999813e-01 6.191326349999999756e+00
8.549999999999999822e-01 6.218935710000000228e+00
8.559999999999999831e-01 6.392444440000000228e+00
8.569999999999999840e-01 6.325150690000000075e+00
8.579999999999999849e-01 6.212247940000000135e+00
8.589999999999999858e-01 6.403502729999999588e+00
8.599999999999999867e-01 6.259112550000000219e+00
8.609999999999999876e-01 6.285352979999999867e+00
8.619999999999999885e-01 6.462694299999999892e+00
8.629999999999999893e-01 6.395924879999999924e+00
8.639999999999999902e-01 6.208661079999999721e+00
8.649999999999999911e-01 6.197185300000000119e+00
8.659999999999999920e-01 6.050429099999999671e+00
8.669999999999999929e-01 6.319800950000000306e+00
8.679999999999999938e-01 6.382833849999999920e+00
8.689999999999999947e-01 6.319258620000000271e+00
8.699999999999999956e-01 6.451802409999999988e+00
8.709999999999999964e-01 6.242024250000000052e+00
8.719999999999999973e-01 6.305205909999999747e+00
8.729999999999999982e-01 6.247921729999999840e+00
8.739999999999999991e-01 6.336684870000000025e+00
8.750000000000000000e-01 6.219681360000000048e+00
8.760000000000000009e-01 6.284882930000000201e+00
8.770000000000000018e-01 6.042998779999999570e+00
8.780000000000000027e-01 6.158085759999999631e+00
8.790000000000000036e-01 6.223006999999999955e+00
8.800000000000000044e-01 6.235607279999999975e+00
8.810000000000000053e-01 6.382436829999999617e+00
8.820000000000000062e-01 6.316572609999999699e+00
8.830000000000000071e-01 6.340904759999999918e+00
8.840000000000000080e-01 6.293317820000000395e+00
8.850000000000000089e-01 6.276024610000000337e+00
8.860000000000000098e-01 6.405681340000000112e+00
8.870000000000000107e-01 6.394416940000000160e+00
8.880000000000000115e-01 6.347706960000000009e+00
8.890000000000000124e-01 6.408203630000000040e+00
8.900000000000000133e-01 6.406814200000000348e+00
8.910000000000000142e-01 6.285135150000000337e+00
8.920000000000000151e-01 6.289454809999999618e+00
8.930000000000000160e-01 6.329051530000000092e+00
8.940000000000000169e-01 6.274356260000000240e+00
8.950000000000000178e-01 6.389389959999999924e+00
8.960000000000000187e-01 6.462114869999999733e+00
8.970000000000000195e-01 6.332104349999999826e+00
8.980000000000000204e-01 6.274922499999999737e+00
8.990000000000000213e-01 6.149593440000000300e+00
9.000000000000000222e-01 6.383593109999999626e+00
9.010000000000000231e-01 6.366147980000000040e+00
9.020000000000000240e-01 6.315229969999999859e+00
9.030000000000000249e-01 6.227756229999999782e+00
9.040000000000000258e-01 6.467571940000000019e+00
9.050000000000000266e-01 6.445648549999999588e+00
9.060000000000000275e-01 6.339172989999999785e+00
9.070000000000000284e-01 6.307134959999999957e+00
9.080000000000000293e-01 6.510809809999999587e+00
9.090000000000000302e-01 6.391835969999999811e+00
9.100000000000000311e-01 6.375294560000000388e+00
9.110000000000000320e-01 6.284976959999999835e+00
9.120000000000000329e-01 6.442550680000000085e+00
9.130000000000000338e-01 6.214065249999999985e+00
9.140000000000000346e-01 6.477339060000000259e+00
9.150000000000000355e-01 6.361406839999999896e+00
9.160000000000000364e-01 6.144453989999999699e+00
9.170000000000000373e-01 6.153348280000000337e+00
9.180000000000000382e-01 6.209489070000000055e+00
9.190000000000000391e-01 6.301272670000000353e+00
9.200000000000000400e-01 6.295739440000000187e+00
9.210000000000000409e-01 6.459283899999999967e+00
9.220000000000000417e-01 6.173774779999999573e+00
9.230000000000000426e-01 6.439964840000000024e+00
9.240000000000000435e-01 6.408815449999999636e+00
9.250000000000000444e-01 6.435770060000000292e+00
9.260000000000000453e-01 6.401659269999999680e+00
9.270000000000000462e-01 6.429385510000000359e+00
9.280000000000000471e-01 6.537648080000000306e+00
9.290000000000000480e-01 6.392082969999999698e+00
9.300000000000000488e-01 6.372357639999999712e+00
9.310000000000000497e-01 6.284641749999999583e+00
9.320000000000000506e-01 6.394914029999999805e+00
9.330000000000000515e-01 6.407813469999999789e+00
9.340000000000000524e-01 6.518527759999999560e+00
9.350000000000000533e-01 6.468369810000000442e+00
9.360000000000000542e-01 6.294753110000000262e+00
9.370000000000000551e-01 6.252591409999999961e+00
9.379999999999999449e-01 6.501154230000000034e+00
9.389999999999999458e-01 6.449737800000000298e+00
9.399999999999999467e-01 6.332091000000000136e+00
9.409999999999999476e-01 6.325000039999999935e+00
9.419999999999999485e-01 6.425696819999999754e+00
9.429999999999999494e-01 6.426253960000000376e+00
9.439999999999999503e-01 6.528158640000000013e+00
9.449999999999999512e-01 6.201206449999999926e+00
9.459999999999999520e-01 6.452351789999999809e+00
9.469999999999999529e-01 6.389680789999999888e+00
9.479999999999999538e-01 6.590548029999999891e+00
9.489999999999999547e-01 6.446187659999999653e+00
9.499999999999999556e-01 6.300322569999999622e+00
9.509999999999999565e-01 6.437949109999999919e+00
9.519999999999999574e-01 6.383505849999999704e+00
9.529999999999999583e-01 6.389817289999999872e+00
9.539999999999999591e-01 6.371133440000000370e+00
9.549999999999999600e-01 6.355135200000000317e+00
9.559999999999999609e-01 6.395548790000000317e+00
9.569999999999999618e-01 6.630565159999999736e+00
9.579999999999999627e-01 6.571343070000000175e+00
9.589999999999999636e-01 6.408930400000000027e+00
9.599999999999999645e-01 6.303452459999999924e+00
9.609999999999999654e-01 6.210396020000000128e+00
9.619999999999999662e-01 6.348620310000000266e+00
9.629999999999999671e-01 6.290624110000000435e+00
9.639999999999999680e-01 6.612301790000000068e+00
9.649999999999999689e-01 6.333168330000000346e+00
9.659999999999999698e-01 6.676740239999999993e+00
9.669999999999999707e-01 6.372939660000000117e+00
9.679999999999999716e-01 6.500183260000000018e+00
9.689999999999999725e-01 6.398510360000000396e+00
9.699999999999999734e-01 6.347830540000000354e+00
9.709999999999999742e-01 6.508203149999999937e+00
9.719999999999999751e-01 6.427995440000000116e+00
9.729999999999999760e-01 6.571205230000000341e+00
9.739999999999999769e-01 6.356402730000000112e+00
9.749999999999999778e-01 6.653470800000000018e+00
9.759999999999999787e-01 6.489243850000000258e+00
9.769999999999999796e-01 6.461244340000000363e+00
9.779999999999999805e-01 6.231333890000000153e+00
9.789999999999999813e-01 6.518714959999999614e+00
9.799999999999999822e-01 6.405507270000000197e+00
9.809999999999999831e-01 6.309920270000000109e+00
9.819999999999999840e-01 6.476878460000000004e+00
9.829999999999999849e-01 6.239134299999999911e+00
9.839999999999999858e-01 6.494870930000000264e+00
9.849999999999999867e-01 6.560607889999999998e+00
9.859999999999999876e-01 6.508798099999999920e+00
9.869999999999999885e-01 6.583560290000000315e+00
9.879999999999999893e-01 6.451753179999999865e+00
9.889999999999999902e-01 6.484808199999999800e+00
9.899999999999999911e-01 6.485542459999999565e+00
9.909999999999999920e-01 6.535995119999999936e+00
9.919999999999999929e-01 6.398344230000000188e+00
9.929999999999999938e-01 6.583560610000000146e+00
9.939999999999999947e-01 6.369162860000000315e+00
9.949999999999999956e-01 6.407765519999999881e+00
9.959999999999999964e-01 6.453907850000000224e+00
9.969999999999999973e-01 6.660854719999999674e+00
9.979999999999999982e-01 6.480328519999999592e+00
9.989999999999999991e-01 6.446885670000000346e+00
1.000000000000000000e+00 6.301796699999999696e+00
