0.000000000000000000e+00 5.999863359999999979e+00
1.000000000000000021e-03 5.999199530000000280e+00
2.000000000000000042e-03 5.998231539999999917e+00
3.000000000000000062e-03 5.997005869999999739e+00
4.000000000000000083e-03 5.996102460000000356e+00
5.000000000000000104e-03 5.994998579999999855e+00
6.000000000000000125e-03 5.994128609999999746e+00
7.000000000000000146e-03 5.993114249999999643e+00
8.000000000000000167e-03 5.991977229999999821e+00
8.999999999999999320e-03 5.991172350000000257e+00
1.000000000000000021e-02 5.990212620000000321e+00
1.099999999999999936e-02 5.989324840000000094e+00
1.200000000000000025e-02 5.988345050000000391e+00
1.299999999999999940e-02 5.987250799999999984e+00
1.400000000000000029e-02 5.986451849999999908e+00
1.499999999999999944e-02 5.985494260000000288e+00
1.600000000000000033e-02 5.984652429999999690e+00
1.700000000000000122e-02 5.983451009999999570e+00
1.799999999999999864e-02 5.982697070000000394e+00
1.899999999999999953e-02 5.981684320000000277e+00
2.000000000000000042e-02 5.980918260000000153e+00
2.100000000000000130e-02 5.979896720000000165e+00
2.199999999999999872e-02 5.979082299999999961e+00
2.299999999999999961e-02 5.977964459999999924e+00
2.400000000000000050e-02 5.977198350000000104e+00
2.500000000000000139e-02 5.976174590000000286e+00
2.599999999999999881e-02 5.975482389999999810e+00
2.699999999999999969e-02 5.974525619999999648e+00
2.800000000000000058e-02 5.973674420000000040e+00
2.900000000000000147e-02 5.972687729999999640e+00
2.999999999999999889e-02 5.971802969999999711e+00
3.099999999999999978e-02 5.970857920000000263e+00
3.200000000000000067e-02 5.969939639999999770e+00
3.300000000000000155e-02 5.969212989999999941e+00
3.400000000000000244e-02 5.968272179999999594e+00
3.500000000000000333e-02 5.967484800000000256e+00
3.599999999999999728e-02 5.966717270000000184e+00
3.699999999999999817e-02 5.965663969999999594e+00
3.799999999999999906e-02 5.964733909999999639e+00
3.899999999999999994e-02 5.963947860000000212e+00
4.000000000000000083e-02 5.963080599999999620e+00
4.100000000000000172e-02 5.962457689999999921e+00
4.200000000000000261e-02 5.961463560000000328e+00
4.299999999999999656e-02 5.960687199999999741e+00
4.399999999999999745e-02 5.959716990000000436e+00
4.499999999999999833e-02 5.959166330000000400e+00
4.599999999999999922e-02 5.958187109999999898e+00
4.700000000000000011e-02 5.957365339999999954e+00
4.800000000000000100e-02 5.956346459999999787e+00
4.900000000000000189e-02 5.955509499999999790e+00
5.000000000000000278e-02 5.954889859999999757e+00
5.099999999999999672e-02 5.954268279999999969e+00
5.199999999999999761e-02 5.953252189999999722e+00
5.299999999999999850e-02 5.952423070000000038e+00
5.399999999999999939e-02 5.951727370000000406e+00
5.500000000000000028e-02 5.950973010000000230e+00
5.600000000000000117e-02 5.950137400000000021e+00
5.700000000000000205e-02 5.949500129999999665e+00
5.800000000000000294e-02 5.948661509999999986e+00
5.899999999999999689e-02 5.947831569999999957e+00
5.999999999999999778e-02 5.947049840000000032e+00
6.099999999999999867e-02 5.946559510000000159e+00
6.199999999999999956e-02 5.945443889999999953e+00
6.300000000000000044e-02 5.944754780000000238e+00
6.400000000000000133e-02 5.944113849999999921e+00
6.500000000000000222e-02 5.943358319999999750e+00
6.600000000000000311e-02 5.942557100000000148e+00
6.700000000000000400e-02 5.941836089999999793e+00
6.800000000000000488e-02 5.941074480000000158e+00
6.900000000000000577e-02 5.940463789999999911e+00
7.000000000000000666e-02 5.939472320000000138e+00
7.099999999999999367e-02 5.938723099999999810e+00
7.199999999999999456e-02 5.938075600000000343e+00
7.299999999999999545e-02 5.937325969999999842e+00
7.399999999999999634e-02 5.936764209999999764e+00
7.499999999999999722e-02 5.935895409999999650e+00
7.599999999999999811e-02 5.935380959999999817e+00
7.699999999999999900e-02 5.934532090000000260e+00
7.799999999999999989e-02 5.933869040000000261e+00
7.900000000000000078e-02 5.933034089999999594e+00
8.000000000000000167e-02 5.932618920000000351e+00
8.100000000000000255e-02 5.931816259999999730e+00
8.200000000000000344e-02 5.931082990000000166e+00
8.300000000000000433e-02 5.930490640000000369e+00
8.400000000000000522e-02 5.929726279999999683e+00
8.500000000000000611e-02 5.929237709999999772e+00
8.599999999999999312e-02 5.928347429999999640e+00
8.699999999999999400e-02 5.927802749999999676e+00
8.799999999999999489e-02 5.926987259999999758e+00
8.899999999999999578e-02 5.926319490000000023e+00
8.999999999999999667e-02 5.925809609999999950e+00
9.099999999999999756e-02 5.925028829999999580e+00
9.199999999999999845e-02 5.924361180000000004e+00
9.299999999999999933e-02 5.923774220000000312e+00
9.400000000000000022e-02 5.923112480000000346e+00
9.500000000000000111e-02 5.922494269999999617e+00
9.600000000000000200e-02 5.921746149999999709e+00
9.700000000000000289e-02 5.921387089999999631e+00
9.800000000000000377e-02 5.920550809999999942e+00
9.900000000000000466e-02 5.920075599999999660e+00
1.000000000000000056e-01 5.919137779999999793e+00
1.010000000000000064e-01 5.918780830000000215e+00
1.019999999999999934e-01 5.918155360000000087e+00
1.029999999999999943e-01 5.917544249999999728e+00
1.039999999999999952e-01 5.916931619999999725e+00
1.049999999999999961e-01 5.916459790000000218e+00
1.059999999999999970e-01 5.915603510000000398e+00
1.069999999999999979e-01 5.915186949999999833e+00
1.079999999999999988e-01 5.914649830000000108e+00
1.089999999999999997e-01 5.914014619999999667e+00
1.100000000000000006e-01 5.913380039999999838e+00
1.110000000000000014e-01 5.912781159999999758e+00
1.120000000000000023e-01 5.912128300000000003e+00
1.130000000000000032e-01 5.911595379999999622e+00
1.140000000000000041e-01 5.910985489999999842e+00
1.150000000000000050e-01 5.910399110000000178e+00
1.160000000000000059e-01 5.909850600000000398e+00
1.170000000000000068e-01 5.909555690000000361e+00
1.179999999999999938e-01 5.908933929999999890e+00
1.189999999999999947e-01 5.908217419999999720e+00
1.199999999999999956e-01 5.907478140000000266e+00
1.209999999999999964e-01 5.907198440000000161e+00
1.219999999999999973e-01 5.906587150000000008e+00
1.229999999999999982e-01 5.906248129999999819e+00
1.239999999999999991e-01 5.905562930000000321e+00
1.250000000000000000e-01 5.905069410000000296e+00
1.260000000000000009e-01 5.904408830000000385e+00
1.270000000000000018e-01 5.903936560000000000e+00
1.280000000000000027e-01 5.903570700000000393e+00
1.290000000000000036e-01 5.902890329999999963e+00
1.300000000000000044e-01 5.902234649999999583e+00
1.310000000000000053e-01 5.902035520000000091e+00
1.320000000000000062e-01 5.901308280000000295e+00
1.330000000000000071e-01 5.900883430000000374e+00
1.340000000000000080e-01 5.900505439999999879e+00
1.350000000000000089e-01 5.899811930000000260e+00
1.360000000000000098e-01 5.899492109999999734e+00
1.370000000000000107e-01 5.898831959999999874e+00
1.380000000000000115e-01 5.898385829999999608e+00
1.390000000000000124e-01 5.898063170000000355e+00
1.400000000000000133e-01 5.897574389999999944e+00
1.409999999999999865e-01 5.896965770000000440e+00
1.419999999999999873e-01 5.896563900000000302e+00
1.429999999999999882e-01 5.896130720000000380e+00
1.439999999999999891e-01 5.895354320000000037e+00
1.449999999999999900e-01 5.895072790000000396e+00
1.459999999999999909e-01 5.894854289999999608e+00
1.469999999999999918e-01 5.894031230000000399e+00
1.479999999999999927e-01 5.893621239999999872e+00
1.489999999999999936e-01 5.893164660000000055e+00
1.499999999999999944e-01 5.892698329999999984e+00
1.509999999999999953e-01 5.892474540000000260e+00
1.519999999999999962e-01 5.891987999999999559e+00
1.529999999999999971e-01 5.891438270000000088e+00
1.539999999999999980e-01 5.891197309999999909e+00
1.549999999999999989e-01 5.890734379999999604e+00
1.559999999999999998e-01 5.890177490000000127e+00
1.570000000000000007e-01 5.889863929999999748e+00
1.580000000000000016e-01 5.889328850000000060e+00
1.590000000000000024e-01 5.889029299999999800e+00
1.600000000000000033e-01 5.888497629999999816e+00
1.610000000000000042e-01 5.887964300000000151e+00
1.620000000000000051e-01 5.887912560000000184e+00
1.630000000000000060e-01 5.887296609999999930e+00
1.640000000000000069e-01 5.886937839999999866e+00
1.650000000000000078e-01 5.886472350000000020e+00
1.660000000000000087e-01 5.886040119999999654e+00
1.670000000000000095e-01 5.885751710000000081e+00
1.680000000000000104e-01 5.885450320000000346e+00
1.690000000000000113e-01 5.885130610000000040e+00
1.700000000000000122e-01 5.884670619999999630e+00
1.710000000000000131e-01 5.884301269999999917e+00
1.719999999999999862e-01 5.884029059999999589e+00
1.729999999999999871e-01 5.883546550000000153e+00
1.739999999999999880e-01 5.883126690000000103e+00
1.749999999999999889e-01 5.882726919999999637e+00
1.759999999999999898e-01 5.882588130000000248e+00
1.769999999999999907e-01 5.882054179999999910e+00
1.779999999999999916e-01 5.881761659999999559e+00
1.789999999999999925e-01 5.881448609999999633e+00
1.799999999999999933e-01 5.881141509999999961e+00
1.809999999999999942e-01 5.880742960000000075e+00
1.819999999999999951e-01 5.880383919999999875e+00
1.829999999999999960e-01 5.880217779999999728e+00
1.839999999999999969e-01 5.879612690000000086e+00
1.849999999999999978e-01 5.879439350000000175e+00
1.859999999999999987e-01 5.879003260000000175e+00
1.869999999999999996e-01 5.878883540000000352e+00
1.880000000000000004e-01 5.878437250000000169e+00
1.890000000000000013e-01 5.878017119999999984e+00
1.900000000000000022e-01 5.877740479999999934e+00
1.910000000000000031e-01 5.877599260000000214e+00
1.920000000000000040e-01 5.877196610000000376e+00
1.930000000000000049e-01 5.876818169999999952e+00
1.940000000000000058e-01 5.876580790000000221e+00
1.950000000000000067e-01 5.876330089999999728e+00
1.960000000000000075e-01 5.875960949999999627e+00
1.970000000000000084e-01 5.875739239999999697e+00
1.980000000000000093e-01 5.875511750000000255e+00
1.990000000000000102e-01 5.875263280000000421e+00
2.000000000000000111e-01 5.874939069999999930e+00
2.010000000000000120e-01 5.874556250000000368e+00
2.020000000000000129e-01 5.874290389999999640e+00
2.030000000000000138e-01 5.873906869999999891e+00
2.039999999999999869e-01 5.873900599999999805e+00
2.049999999999999878e-01 5.873597539999999562e+00
2.059999999999999887e-01 5.873307119999999770e+00
2.069999999999999896e-01 5.872974039999999896e+00
2.079999999999999905e-01 5.872758260000000341e+00
2.089999999999999913e-01 5.872674090000000291e+00
2.099999999999999922e-01 5.872355830000000054e+00
2.109999999999999931e-01 5.872098770000000023e+00
2.119999999999999940e-01 5.871813969999999827e+00
2.129999999999999949e-01 5.871626769999999773e+00
2.139999999999999958e-01 5.871477849999999776e+00
2.149999999999999967e-01 5.871184330000000173e+00
2.159999999999999976e-01 5.871019959999999926e+00
2.169999999999999984e-01 5.870728119999999883e+00
2.179999999999999993e-01 5.870569739999999648e+00
2.190000000000000002e-01 5.870150490000000332e+00
2.200000000000000011e-01 5.870110279999999570e+00
2.210000000000000020e-01 5.869774829999999888e+00
2.220000000000000029e-01 5.869743989999999911e+00
2.230000000000000038e-01 5.869381520000000130e+00
2.240000000000000047e-01 5.869242279999999923e+00
2.250000000000000056e-01 5.868974019999999570e+00
2.260000000000000064e-01 5.868933140000000215e+00
2.270000000000000073e-01 5.868799700000000286e+00
2.280000000000000082e-01 5.868370529999999974e+00
2.290000000000000091e-01 5.868208019999999969e+00
2.300000000000000100e-01 5.868073919999999610e+00
2.310000000000000109e-01 5.868077070000000006e+00
2.320000000000000118e-01 5.867798549999999835e+00
2.330000000000000127e-01 5.867611730000000136e+00
2.340000000000000135e-01 5.867582709999999757e+00
2.349999999999999867e-01 5.867237259999999566e+00
2.359999999999999876e-01 5.867213890000000376e+00
2.369999999999999885e-01 5.866979539999999993e+00
2.379999999999999893e-01 5.866880440000000085e+00
2.389999999999999902e-01 5.866687169999999618e+00
2.399999999999999911e-01 5.866648999999999781e+00
2.409999999999999920e-01 5.866280230000000095e+00
2.419999999999999929e-01 5.866305999999999798e+00
2.429999999999999938e-01 5.866106959999999759e+00
2.439999999999999947e-01 5.865800339999999835e+00
2.449999999999999956e-01 5.866002090000000280e+00
2.459999999999999964e-01 5.865727409999999864e+00
2.469999999999999973e-01 5.865370709999999654e+00
2.479999999999999982e-01 5.865353520000000209e+00
2.489999999999999991e-01 5.865403289999999714e+00
2.500000000000000000e-01 5.865340400000000010e+00
2.510000000000000009e-01 5.865054250000000025e+00
2.520000000000000018e-01 5.865056260000000243e+00
2.530000000000000027e-01 5.864665669999999942e+00
2.540000000000000036e-01 5.864619189999999982e+00
2.550000000000000044e-01 5.864522739999999956e+00
2.560000000000000053e-01 5.864468930000000135e+00
2.570000000000000062e-01 5.864394240000000202e+00
2.580000000000000071e-01 5.864234070000000187e+00
2.590000000000000080e-01 5.864388230000000313e+00
2.600000000000000089e-01 5.864279619999999582e+00
2.610000000000000098e-01 5.864145820000000064e+00
2.620000000000000107e-01 5.864246429999999677e+00
2.630000000000000115e-01 5.864017139999999628e+00
2.640000000000000124e-01 5.863936299999999768e+00
2.650000000000000133e-01 5.863750369999999990e+00
2.660000000000000142e-01 5.863782119999999765e+00
2.670000000000000151e-01 5.863462759999999996e+00
2.680000000000000160e-01 5.863463929999999991e+00
2.690000000000000169e-01 5.863641659999999867e+00
2.700000000000000178e-01 5.863584809999999869e+00
2.710000000000000187e-01 5.863519700000000334e+00
2.720000000000000195e-01 5.863433599999999579e+00
2.730000000000000204e-01 5.863399910000000048e+00
2.740000000000000213e-01 5.863236020000000437e+00
2.750000000000000222e-01 5.863196450000000226e+00
2.760000000000000231e-01 5.863265170000000026e+00
2.770000000000000240e-01 5.863199540000000098e+00
2.780000000000000249e-01 5.863167790000000323e+00
2.790000000000000258e-01 5.863241310000000261e+00
2.800000000000000266e-01 5.863119039999999949e+00
2.810000000000000275e-01 5.863104039999999628e+00
2.819999999999999729e-01 5.863007210000000136e+00
2.829999999999999738e-01 5.863204299999999591e+00
2.839999999999999747e-01 5.862957259999999948e+00
2.849999999999999756e-01 5.862964940000000347e+00
2.859999999999999765e-01 5.863047039999999654e+00
2.869999999999999774e-01 5.863014139999999763e+00
2.879999999999999782e-01 5.863093240000000428e+00
2.889999999999999791e-01 5.862986320000000084e+00
2.899999999999999800e-01 5.862885259999999654e+00
2.909999999999999809e-01 5.862931099999999951e+00
2.919999999999999818e-01 5.863283680000000331e+00
2.929999999999999827e-01 5.862923730000000333e+00
2.939999999999999836e-01 5.862971159999999848e+00
2.949999999999999845e-01 5.863160790000000233e+00
2.959999999999999853e-01 5.863157580000000202e+00
2.969999999999999862e-01 5.863333370000000322e+00
2.979999999999999871e-01 5.863377050000000423e+00
2.989999999999999880e-01 5.863126620000000067e+00
2.999999999999999889e-01 5.863335300000000139e+00
3.009999999999999898e-01 5.863159849999999729e+00
3.019999999999999907e-01 5.863279979999999725e+00
3.029999999999999916e-01 5.863346599999999853e+00
3.039999999999999925e-01 5.863357610000000442e+00
3.049999999999999933e-01 5.863570150000000147e+00
3.059999999999999942e-01 5.863557260000000326e+00
3.069999999999999951e-01 5.863602710000000329e+00
3.079999999999999960e-01 5.863546259999999677e+00
3.089999999999999969e-01 5.863787140000000342e+00
3.099999999999999978e-01 5.863601079999999577e+00
3.109999999999999987e-01 5.863809510000000280e+00
3.119999999999999996e-01 5.863950169999999851e+00
3.130000000000000004e-01 5.864070129999999992e+00
3.140000000000000013e-01 5.864069180000000436e+00
3.150000000000000022e-01 5.864161750000000062e+00
3.160000000000000031e-01 5.864017740000000423e+00
3.170000000000000040e-01 5.864418099999999967e+00
3.180000000000000049e-01 5.864427850000000220e+00
3.190000000000000058e-01 5.864426690000000164e+00
3.200000000000000067e-01 5.864541939999999620e+00
3.210000000000000075e-01 5.864647630000000333e+00
3.220000000000000084e-01 5.864754809999999985e+00
3.230000000000000093e-01 5.864879880000000156e+00
3.240000000000000102e-01 5.865069899999999947e+00
3.250000000000000111e-01 5.865143480000000409e+00
3.260000000000000120e-01 5.865051789999999876e+00
3.270000000000000129e-01 5.865371249999999925e+00
3.280000000000000138e-01 5.865423960000000214e+00
3.290000000000000147e-01 5.865615380000000378e+00
3.300000000000000155e-01 5.865727979999999953e+00
3.310000000000000164e-01 5.865824560000000076e+00
3.320000000000000173e-01 5.865881970000000223e+00
3.330000000000000182e-01 5.865991469999999985e+00
3.340000000000000191e-01 5.866242419999999846e+00
3.350000000000000200e-01 5.866346110000000280e+00
3.360000000000000209e-01 5.866584669999999946e+00
3.370000000000000218e-01 5.866596389999999772e+00
3.380000000000000226e-01 5.866668100000000052e+00
3.390000000000000235e-01 5.866954849999999944e+00
3.400000000000000244e-01 5.867149529999999835e+00
3.410000000000000253e-01 5.867339780000000005e+00
3.420000000000000262e-01 5.867242710000000194e+00
3.430000000000000271e-01 5.867609459999999721e+00
3.439999999999999725e-01 5.867635609999999780e+00
3.449999999999999734e-01 5.867938859999999757e+00
3.459999999999999742e-01 5.868083799999999961e+00
3.469999999999999751e-01 5.868241440000000253e+00
3.479999999999999760e-01 5.868480830000000203e+00
3.489999999999999769e-01 5.868513779999999791e+00
3.499999999999999778e-01 5.868701749999999606e+00
3.509999999999999787e-01 5.868945329999999849e+00
3.519999999999999796e-01 5.869228750000000439e+00
3.529999999999999805e-01 5.869111690000000436e+00
3.539999999999999813e-01 5.869461509999999826e+00
3.549999999999999822e-01 5.869664059999999850e+00
3.559999999999999831e-01 5.869832060000000240e+00
3.569999999999999840e-01 5.870092220000000083e+00
3.579999999999999849e-01 5.870272800000000402e+00
3.589999999999999858e-01 5.870538429999999863e+00
3.599999999999999867e-01 5.870824589999999787e+00
3.609999999999999876e-01 5.870890059999999799e+00
3.619999999999999885e-01 5.871033539999999995e+00
3.629999999999999893e-01 5.871309680000000419e+00
3.639999999999999902e-01 5.871523360000000302e+00
3.649999999999999911e-01 5.871611279999999766e+00
3.659999999999999920e-01 5.871964710000000309e+00
3.669999999999999929e-01 5.872501350000000286e+00
3.679999999999999938e-01 5.872500600000000404e+00
3.689999999999999947e-01 5.872779630000000139e+00
3.699999999999999956e-01 5.872878469999999851e+00
3.709999999999999964e-01 5.873163929999999588e+00
3.719999999999999973e-01 5.873481220000000391e+00
3.729999999999999982e-01 5.873545100000000296e+00
3.739999999999999991e-01 5.873899909999999558e+00
3.750000000000000000e-01 5.874073890000000020e+00
3.760000000000000009e-01 5.874589539999999666e+00
3.770000000000000018e-01 5.874776930000000341e+00
3.780000000000000027e-01 5.875022669999999891e+00
3.790000000000000036e-01 5.875184220000000401e+00
3.800000000000000044e-01 5.875448890000000368e+00
3.810000000000000053e-01 5.875825439999999844e+00
3.820000000000000062e-01 5.875845499999999610e+00
3.830000000000000071e-01 5.876254600000000217e+00
3.840000000000000080e-01 5.876560750000000333e+00
3.850000000000000089e-01 5.876713330000000290e+00
3.860000000000000098e-01 5.877023740000000274e+00
3.870000000000000107e-01 5.877275209999999639e+00
3.880000000000000115e-01 5.877721369999999723e+00
3.890000000000000124e-01 5.878006939999999680e+00
3.900000000000000133e-01 5.878423370000000148e+00
3.910000000000000142e-01 5.878381880000000059e+00
3.920000000000000151e-01 5.878710319999999712e+00
3.930000000000000160e-01 5.879135660000000208e+00
3.940000000000000169e-01 5.879405949999999770e+00
3.950000000000000178e-01 5.879611589999999666e+00
3.960000000000000187e-01 5.879991210000000024e+00
3.970000000000000195e-01 5.880165640000000415e+00
3.980000000000000204e-01 5.880677849999999651e+00
3.990000000000000213e-01 5.880864640000000421e+00
4.000000000000000222e-01 5.881547369999999830e+00
4.010000000000000231e-01 5.881642590000000226e+00
4.020000000000000240e-01 5.882044229999999985e+00
4.030000000000000249e-01 5.882078240000000235e+00
4.040000000000000258e-01 5.882507279999999561e+00
4.050000000000000266e-01 5.882808260000000011e+00
4.060000000000000275e-01 5.883184489999999656e+00
4.069999999999999729e-01 5.883582220000000085e+00
4.079999999999999738e-01 5.884038679999999744e+00
4.089999999999999747e-01 5.884293369999999967e+00
4.099999999999999756e-01 5.884592859999999703e+00
4.109999999999999765e-01 5.885072159999999997e+00
4.119999999999999774e-01 5.885358069999999664e+00
4.129999999999999782e-01 5.885633900000000196e+00
4.139999999999999791e-01 5.885924669999999637e+00
4.149999999999999800e-01 5.886308190000000273e+00
4.159999999999999809e-01 5.886859389999999692e+00
4.169999999999999818e-01 5.886933850000000135e+00
4.179999999999999827e-01 5.887506939999999744e+00
4.189999999999999836e-01 5.887764449999999705e+00
4.199999999999999845e-01 5.888163289999999606e+00
4.209999999999999853e-01 5.888469500000000245e+00
4.219999999999999862e-01 5.888957490000000128e+00
4.229999999999999871e-01 5.889511660000000148e+00
4.239999999999999880e-01 5.889763320000000135e+00
4.249999999999999889e-01 5.889987129999999738e+00
4.259999999999999898e-01 5.890346079999999596e+00
4.269999999999999907e-01 5.890751810000000255e+00
4.279999999999999916e-01 5.891274560000000271e+00
4.289999999999999925e-01 5.891528860000000201e+00
4.299999999999999933e-01 5.891976330000000317e+00
4.309999999999999942e-01 5.892455599999999905e+00
4.319999999999999951e-01 5.892593749999999631e+00
4.329999999999999960e-01 5.893334610000000140e+00
4.339999999999999969e-01 5.893665129999999586e+00
4.349999999999999978e-01 5.894164169999999814e+00
4.359999999999999987e-01 5.894372159999999639e+00
4.369999999999999996e-01 5.894844589999999940e+00
4.380000000000000004e-01 5.895376859999999830e+00
4.390000000000000013e-01 5.895641859999999568e+00
4.400000000000000022e-01 5.896154310000000009e+00
4.410000000000000031e-01 5.896452449999999956e+00
4.420000000000000040e-01 5.896982930000000067e+00
4.430000000000000049e-01 5.897450450000000011e+00
4.440000000000000058e-01 5.897869860000000131e+00
4.450000000000000067e-01 5.898323509999999992e+00
4.460000000000000075e-01 5.898619000000000057e+00
4.470000000000000084e-01 5.899120840000000143e+00
4.480000000000000093e-01 5.899739310000000181e+00
4.490000000000000102e-01 5.900176110000000307e+00
4.500000000000000111e-01 5.900335359999999696e+00
4.510000000000000120e-01 5.901052220000000403e+00
4.520000000000000129e-01 5.901374610000000409e+00
4.530000000000000138e-01 5.901979599999999770e+00
4.540000000000000147e-01 5.902414430000000323e+00
4.550000000000000155e-01 5.902591750000000026e+00
4.560000000000000164e-01 5.903381490000000120e+00
4.570000000000000173e-01 5.903696430000000106e+00
4.580000000000000182e-01 5.904280459999999842e+00
4.590000000000000191e-01 5.904670480000000055e+00
4.600000000000000200e-01 5.905201749999999805e+00
4.610000000000000209e-01 5.905655839999999657e+00
4.620000000000000218e-01 5.906139699999999770e+00
4.630000000000000226e-01 5.906618090000000265e+00
4.640000000000000235e-01 5.907106009999999685e+00
4.650000000000000244e-01 5.907391299999999568e+00
4.660000000000000253e-01 5.908162070000000377e+00
4.670000000000000262e-01 5.908592230000000001e+00
4.680000000000000271e-01 5.909149150000000184e+00
4.689999999999999725e-01 5.909373509999999996e+00
4.699999999999999734e-01 5.910022940000000169e+00
4.709999999999999742e-01 5.910608879999999843e+00
4.719999999999999751e-01 5.911068959999999706e+00
4.729999999999999760e-01 5.911343920000000196e+00
4.739999999999999769e-01 5.912168789999999952e+00
4.749999999999999778e-01 5.912475999999999843e+00
4.759999999999999787e-01 5.913066849999999874e+00
4.769999999999999796e-01 5.913395799999999980e+00
4.779999999999999805e-01 5.914254320000000398e+00
4.789999999999999813e-01 5.914515399999999978e+00
4.799999999999999822e-01 5.915107629999999617e+00
4.809999999999999831e-01 5.915631330000000077e+00
4.819999999999999840e-01 5.916273460000000206e+00
4.829999999999999849e-01 5.916720490000000332e+00
4.839999999999999858e-01 5.917257450000000141e+00
4.849999999999999867e-01 5.917852800000000357e+00
4.859999999999999876e-01 5.918529499999999999e+00
4.869999999999999885e-01 5.918779340000000388e+00
4.879999999999999893e-01 5.919443460000000101e+00
4.889999999999999902e-01 5.920033809999999619e+00
4.899999999999999911e-01 5.920619389999999704e+00
4.909999999999999920e-01 5.921031880000000136e+00
4.919999999999999929e-01 5.921583250000000298e+00
4.929999999999999938e-01 5.921988869999999849e+00
4.939999999999999947e-01 5.922611429999999899e+00
4.949999999999999956e-01 5.923406479999999696e+00
4.959999999999999964e-01 5.923876510000000373e+00
4.969999999999999973e-01 5.924470969999999781e+00
4.979999999999999982e-01 5.924962149999999816e+00
4.989999999999999991e-01 5.925458859999999994e+00
5.000000000000000000e-01 5.926161239999999886e+00
5.010000000000000009e-01 5.926603710000000191e+00
5.020000000000000018e-01 5.927367870000000316e+00
5.030000000000000027e-01 5.927867749999999880e+00
5.040000000000000036e-01 5.928273599999999810e+00
5.050000000000000044e-01 5.929002989999999862e+00
5.060000000000000053e-01 5.929587680000000027e+00
5.070000000000000062e-01 5.930132350000000052e+00
5.080000000000000071e-01 5.930817829999999624e+00
5.090000000000000080e-01 5.931375880000000045e+00
5.100000000000000089e-01 5.932106540000000372e+00
5.110000000000000098e-01 5.932596369999999730e+00
5.120000000000000107e-01 5.933279770000000397e+00
5.130000000000000115e-01 5.933875409999999739e+00
5.140000000000000124e-01 5.934411859999999983e+00
5.150000000000000133e-01 5.934894840000000116e+00
5.160000000000000142e-01 5.935702799999999613e+00
5.170000000000000151e-01 5.936325570000000162e+00
5.180000000000000160e-01 5.936836740000000390e+00
5.190000000000000169e-01 5.937346190000000412e+00
5.200000000000000178e-01 5.938061440000000246e+00
5.210000000000000187e-01 5.938706680000000127e+00
5.220000000000000195e-01 5.939297530000000158e+00
5.230000000000000204e-01 5.940030329999999914e+00
5.240000000000000213e-01 5.940711509999999862e+00
5.250000000000000222e-01 5.941310709999999773e+00
5.260000000000000231e-01 5.941849880000000361e+00
5.270000000000000240e-01 5.942504079999999966e+00
5.280000000000000249e-01 5.943013289999999671e+00
5.290000000000000258e-01 5.943774949999999890e+00
5.300000000000000266e-01 5.944305540000000221e+00
5.310000000000000275e-01 5.945226879999999881e+00
5.320000000000000284e-01 5.945780189999999799e+00
5.330000000000000293e-01 5.946272869999999600e+00
5.340000000000000302e-01 5.947028409999999710e+00
5.350000000000000311e-01 5.947698670000000298e+00
5.360000000000000320e-01 5.948347880000000032e+00
5.370000000000000329e-01 5.949155590000000160e+00
5.380000000000000338e-01 5.949735519999999944e+00
5.390000000000000346e-01 5.950283429999999818e+00
5.400000000000000355e-01 5.950853590000000359e+00
5.410000000000000364e-01 5.951882320000000171e+00
5.420000000000000373e-01 5.952362469999999739e+00
5.430000000000000382e-01 5.953027370000000040e+00
5.440000000000000391e-01 5.953803040000000379e+00
5.450000000000000400e-01 5.954384120000000280e+00
5.460000000000000409e-01 5.955047450000000353e+00
5.470000000000000417e-01 5.956027449999999668e+00
5.480000000000000426e-01 5.956522109999999870e+00
5.490000000000000435e-01 5.957123570000000257e+00
5.500000000000000444e-01 5.957701779999999836e+00
5.510000000000000453e-01 5.958643020000000234e+00
5.520000000000000462e-01 5.958916949999999879e+00
5.530000000000000471e-01 5.959780020000000178e+00
5.540000000000000480e-01 5.960450609999999649e+00
5.550000000000000488e-01 5.961352630000000374e+00
5.560000000000000497e-01 5.961815879999999623e+00
5.570000000000000506e-01 5.962498280000000150e+00
5.580000000000000515e-01 5.963332109999999631e+00
5.590000000000000524e-01 5.963957950000000174e+00
5.600000000000000533e-01 5.964919669999999563e+00
5.610000000000000542e-01 5.965542450000000052e+00
5.620000000000000551e-01 5.966333490000000239e+00
5.629999999999999449e-01 5.966939710000000119e+00
5.639999999999999458e-01 5.967801719999999754e+00
5.649999999999999467e-01 5.968327790000000022e+00
5.659999999999999476e-01 5.969354939999999665e+00
5.669999999999999485e-01 5.969993979999999922e+00
5.679999999999999494e-01 5.970657390000000397e+00
5.689999999999999503e-01 5.971384640000000132e+00
5.699999999999999512e-01 5.971936789999999995e+00
5.709999999999999520e-01 5.972774219999999801e+00
5.719999999999999529e-01 5.973495869999999819e+00
5.729999999999999538e-01 5.974421519999999930e+00
5.739999999999999547e-01 5.975071569999999888e+00
5.749999999999999556e-01 5.975980660000000277e+00
5.759999999999999565e-01 5.976751750000000030e+00
5.769999999999999574e-01 5.977422619999999576e+00
5.779999999999999583e-01 5.978144040000000103e+00
5.789999999999999591e-01 5.978866779999999714e+00
5.799999999999999600e-01 5.979731560000000279e+00
5.809999999999999609e-01 5.980040480000000436e+00
5.819999999999999618e-01 5.981202230000000064e+00
5.829999999999999627e-01 5.981756110000000071e+00
5.839999999999999636e-01 5.982327680000000036e+00
5.849999999999999645e-01 5.983419050000000183e+00
5.859999999999999654e-01 5.984057130000000058e+00
5.869999999999999662e-01 5.985123350000000286e+00
5.879999999999999671e-01 5.985748779999999769e+00
5.889999999999999680e-01 5.986436799999999891e+00
5.899999999999999689e-01 5.987404370000000142e+00
5.909999999999999698e-01 5.988384909999999728e+00
5.919999999999999707e-01 5.988728909999999850e+00
5.929999999999999716e-01 5.989501200000000303e+00
5.939999999999999725e-01 5.990579679999999740e+00
5.949999999999999734e-01 5.991331910000000427e+00
5.959999999999999742e-01 5.992093610000000403e+00
5.969999999999999751e-01 5.992930099999999705e+00
5.979999999999999760e-01 5.993669530000000023e+00
5.989999999999999769e-01 5.994453069999999606e+00
5.999999999999999778e-01 5.995095799999999642e+00
6.009999999999999787e-01 5.995893869999999737e+00
6.019999999999999796e-01 5.997072929999999857e+00
6.029999999999999805e-01 5.997692279999999876e+00
6.039999999999999813e-01 5.998584469999999946e+00
6.049999999999999822e-01 5.999161889999999886e+00
6.059999999999999831e-01 6.000049729999999748e+00
6.069999999999999840e-01 6.000962180000000146e+00
6.079999999999999849e-01 6.001868670000000350e+00
6.089999999999999858e-01 6.002693269999999970e+00
6.099999999999999867e-01 6.003513889999999797e+00
6.109999999999999876e-01 6.004226759999999885e+00
6.119999999999999885e-01 6.005196109999999976e+00
6.129999999999999893e-01 6.005995010000000356e+00
6.139999999999999902e-01 6.006785400000000053e+00
6.149999999999999911e-01 6.007517209999999608e+00
6.159999999999999920e-01 6.008398820000000029e+00
6.169999999999999929e-01 6.009282200000000351e+00
6.179999999999999938e-01 6.010051619999999595e+00
6.189999999999999947e-01 6.010782439999999838e+00
6.199999999999999956e-01 6.011812169999999789e+00
6.209999999999999964e-01 6.012495620000000152e+00
6.219999999999999973e-01 6.013564650000000178e+00
6.229999999999999982e-01 6.014044239999999597e+00
6.239999999999999991e-01 6.015230670000000224e+00
6.250000000000000000e-01 6.015927360000000057e+00
6.260000000000000009e-01 6.016934619999999789e+00
6.270000000000000018e-01 6.017720879999999717e+00
6.280000000000000027e-01 6.018744210000000372e+00
6.290000000000000036e-01 6.019306339999999977e+00
6.300000000000000044e-01 6.020438369999999928e+00
6.310000000000000053e-01 6.021219549999999643e+00
6.320000000000000062e-01 6.022341759999999766e+00
6.330000000000000071e-01 6.022843439999999937e+00
6.340000000000000080e-01 6.023914760000000257e+00
6.350000000000000089e-01 6.024683229999999945e+00
6.360000000000000098e-01 6.025578639999999986e+00
6.370000000000000107e-01 6.026521220000000234e+00
6.380000000000000115e-01 6.027279250000000310e+00
6.390000000000000124e-01 6.028431369999999845e+00
6.400000000000000133e-01 6.029188910000000234e+00
6.410000000000000142e-01 6.030074639999999597e+00
6.420000000000000151e-01 6.030857619999999919e+00
6.430000000000000160e-01 6.031967790000000385e+00
6.440000000000000169e-01 6.032740300000000389e+00
6.450000000000000178e-01 6.033603450000000201e+00
6.460000000000000187e-01 6.034545200000000165e+00
6.470000000000000195e-01 6.035532370000000313e+00
6.480000000000000204e-01 6.036109699999999911e+00
6.490000000000000213e-01 6.037317940000000327e+00
6.500000000000000222e-01 6.038189949999999584e+00
6.510000000000000231e-01 6.039262169999999763e+00
6.520000000000000240e-01 6.039954080000000225e+00
6.530000000000000249e-01 6.040907019999999683e+00
6.540000000000000258e-01 6.041857049999999951e+00
6.550000000000000266e-01 6.042726730000000046e+00
6.560000000000000275e-01 6.043709109999999995e+00
6.570000000000000284e-01 6.044407279999999716e+00
6.580000000000000293e-01 6.045610380000000283e+00
6.590000000000000302e-01 6.046547330000000109e+00
6.600000000000000311e-01 6.047375309999999615e+00
6.610000000000000320e-01 6.048241499999999604e+00
6.620000000000000329e-01 6.049361280000000285e+00
6.630000000000000338e-01 6.050283430000000351e+00
6.640000000000000346e-01 6.050950519999999777e+00
6.650000000000000355e-01 6.052090719999999813e+00
6.660000000000000364e-01 6.053038520000000311e+00
6.670000000000000373e-01 6.053946909999999626e+00
6.680000000000000382e-01 6.054949009999999632e+00
6.690000000000000391e-01 6.055793719999999603e+00
6.700000000000000400e-01 6.056866979999999678e+00
6.710000000000000409e-01 6.057742489999999869e+00
6.720000000000000417e-01 6.058996709999999730e+00
6.730000000000000426e-01 6.059595060000000366e+00
6.740000000000000435e-01 6.060700330000000413e+00
6.750000000000000444e-01 6.061692159999999774e+00
6.760000000000000453e-01 6.062759299999999740e+00
6.770000000000000462e-01 6.063625889999999963e+00
6.780000000000000471e-01 6.064502840000000283e+00
6.790000000000000480e-01 6.065394210000000008e+00
6.800000000000000488e-01 6.066509869999999971e+00
6.810000000000000497e-01 6.067223829999999651e+00
6.820000000000000506e-01 6.068330640000000109e+00
6.830000000000000515e-01 6.069378460000000253e+00
6.840000000000000524e-01 6.070632039999999563e+00
6.850000000000000533e-01 6.071403769999999867e+00
6.860000000000000542e-01 6.072165710000000161e+00
6.870000000000000551e-01 6.073401289999999619e+00
6.879999999999999449e-01 6.074270699999999579e+00
6.889999999999999458e-01 6.075303960000000281e+00
6.899999999999999467e-01 6.076244289999999992e+00
6.909999999999999476e-01 6.077423660000000005e+00
6.919999999999999485e-01 6.078346449999999734e+00
6.929999999999999494e-01 6.079192169999999784e+00
6.939999999999999503e-01 6.080365030000000282e+00
6.949999999999999512e-01 6.081346199999999591e+00
6.959999999999999520e-01 6.082358389999999559e+00
6.969999999999999529e-01 6.083215980000000300e+00
6.979999999999999538e-01 6.084377929999999601e+00
6.989999999999999547e-01 6.085414280000000176e+00
6.999999999999999556e-01 6.086313569999999729e+00
7.009999999999999565e-01 6.087408840000000154e+00
7.019999999999999574e-01 6.088342250000000178e+00
7.029999999999999583e-01 6.089376259999999874e+00
7.039999999999999591e-01 6.090110919999999872e+00
7.049999999999999600e-01 6.091526159999999912e+00
7.059999999999999609e-01 6.092404990000000353e+00
7.069999999999999618e-01 6.093419009999999858e+00
7.079999999999999627e-01 6.094529230000000020e+00
7.089999999999999636e-01 6.095321560000000360e+00
7.099999999999999645e-01 6.096447979999999767e+00
7.109999999999999654e-01 6.097659290000000176e+00
7.119999999999999662e-01 6.098522690000000246e+00
7.129999999999999671e-01 6.099815160000000347e+00
7.139999999999999680e-01 6.100735450000000171e+00
7.149999999999999689e-01 6.101724110000000145e+00
7.159999999999999698e-01 6.102831680000000425e+00
7.169999999999999707e-01 6.103984109999999852e+00
7.179999999999999716e-01 6.105035510000000443e+00
7.189999999999999725e-01 6.106011900000000381e+00
7.199999999999999734e-01 6.107103989999999705e+00
7.209999999999999742e-01 6.107925599999999733e+00
7.219999999999999751e-01 6.109028549999999669e+00
7.229999999999999760e-01 6.110335450000000002e+00
7.239999999999999769e-01 6.111154530000000307e+00
7.249999999999999778e-01 6.112606480000000175e+00
7.259999999999999787e-01 6.113477500000000120e+00
7.269999999999999796e-01 6.114364039999999889e+00
7.279999999999999805e-01 6.115354349999999606e+00
7.289999999999999813e-01 6.116349510000000045e+00
7.299999999999999822e-01 6.117567260000000395e+00
7.309999999999999831e-01 6.118888420000000217e+00
7.319999999999999840e-01 6.119895969999999963e+00
7.329999999999999849e-01 6.120925449999999657e+00
7.339999999999999858e-01 6.121934020000000309e+00
7.349999999999999867e-01 6.123135360000000027e+00
7.359999999999999876e-01 6.124175789999999786e+00
7.369999999999999885e-01 6.125397760000000247e+00
7.379999999999999893e-01 6.126450410000000346e+00
7.389999999999999902e-01 6.127343050000000346e+00
7.399999999999999911e-01 6.128362919999999825e+00
7.409999999999999920e-01 6.129392000000000174e+00
7.419999999999999929e-01 6.130808749999999918e+00
7.429999999999999938e-01 6.131779200000000429e+00
7.439999999999999947e-01 6.132930619999999777e+00
7.449999999999999956e-01 6.133957060000000183e+00
7.459999999999999964e-01 6.135045530000000191e+00
7.469999999999999973e-01 6.136130289999999654e+00
7.479999999999999982e-01 6.137224380000000146e+00
7.489999999999999991e-01 6.138386470000000372e+00
7.500000000000000000e-01 6.139538139999999977e+00
7.510000000000000009e-01 6.140771690000000227e+00
7.520000000000000018e-01 6.141693019999999947e+00
7.530000000000000027e-01 6.142696550000000144e+00
7.540000000000000036e-01 6.143909510000000296e+00
7.550000000000000044e-01 6.145010059999999719e+00
7.560000000000000053e-01 6.146012859999999911e+00
7.570000000000000062e-01 6.147294569999999680e+00
7.580000000000000071e-01 6.148372590000000137e+00
7.590000000000000080e-01 6.149311589999999939e+00
7.600000000000000089e-01 6.150572770000000133e+00
7.610000000000000098e-01 6.151577230000000007e+00
7.620000000000000107e-01 6.153029430000000133e+00
7.630000000000000115e-01 6.153803309999999804e+00
7.640000000000000124e-01 6.155132809999999566e+00
7.650000000000000133e-01 6.156378939999999744e+00
7.660000000000000142e-01 6.157452590000000114e+00
7.670000000000000151e-01 6.158763790000000071e+00
7.680000000000000160e-01 6.159647210000000150e+00
7.690000000000000169e-01 6.160926929999999579e+00
7.700000000000000178e-01 6.162033420000000206e+00
7.710000000000000187e-01 6.163267659999999815e+00
7.720000000000000195e-01 6.164195349999999962e+00
7.730000000000000204e-01 6.165469940000000371e+00
7.740000000000000213e-01 6.166510279999999788e+00
7.750000000000000222e-01 6.167874809999999819e+00
7.760000000000000231e-01 6.168986109999999634e+00
7.770000000000000240e-01 6.170200480000000098e+00
7.780000000000000249e-01 6.171111380000000146e+00
7.790000000000000258e-01 6.172618260000000134e+00
7.800000000000000266e-01 6.173672849999999990e+00
7.810000000000000275e-01 6.174746800000000313e+00
7.820000000000000284e-01 6.175898560000000259e+00
7.830000000000000293e-01 6.177129179999999664e+00
7.840000000000000302e-01 6.178199939999999835e+00
7.850000000000000311e-01 6.179529559999999755e+00
7.860000000000000320e-01 6.180604139999999802e+00
7.870000000000000329e-01 6.181802280000000316e+00
7.880000000000000338e-01 6.183137989999999640e+00
7.890000000000000346e-01 6.184137449999999703e+00
7.900000000000000355e-01 6.185420340000000294e+00
7.910000000000000364e-01 6.186598919999999779e+00
7.920000000000000373e-01 6.187771709999999814e+00
7.930000000000000382e-01 6.189215179999999705e+00
7.940000000000000391e-01 6.190155830000000137e+00
7.950000000000000400e-01 6.191273240000000122e+00
7.960000000000000409e-01 6.192610730000000174e+00
7.970000000000000417e-01 6.193650139999999915e+00
7.980000000000000426e-01 6.194816069999999897e+00
7.990000000000000435e-01 6.196147759999999671e+00
8.000000000000000444e-01 6.197220979999999990e+00
8.010000000000000453e-01 6.198523999999999923e+00
8.020000000000000462e-01 6.199604179999999687e+00
8.030000000000000471e-01 6.200964260000000117e+00
8.040000000000000480e-01 6.202326620000000013e+00
8.050000000000000488e-01 6.203349979999999597e+00
8.060000000000000497e-01 6.204488519999999951e+00
8.070000000000000506e-01 6.205771040000000127e+00
8.080000000000000515e-01 6.207030409999999776e+00
8.090000000000000524e-01 6.208275930000000109e+00
8.100000000000000533e-01 6.209491189999999605e+00
8.110000000000000542e-01 6.210874040000000207e+00
8.120000000000000551e-01 6.211831710000000228e+00
8.129999999999999449e-01 6.213159189999999832e+00
8.139999999999999458e-01 6.214260190000000073e+00
8.149999999999999467e-01 6.215512069999999945e+00
8.159999999999999476e-01 6.216875830000000214e+00
8.169999999999999485e-01 6.218147929999999768e+00
8.179999999999999494e-01 6.219157659999999588e+00
8.189999999999999503e-01 6.220412289999999622e+00
8.199999999999999512e-01 6.221824619999999584e+00
8.209999999999999520e-01 6.222989260000000300e+00
8.219999999999999529e-01 6.224238839999999939e+00
8.229999999999999538e-01 6.225481639999999928e+00
8.239999999999999547e-01 6.226769670000000367e+00
8.249999999999999556e-01 6.227969800000000333e+00
8.259999999999999565e-01 6.229168819999999940e+00
8.269999999999999574e-01 6.230510340000000369e+00
8.279999999999999583e-01 6.231559859999999951e+00
8.289999999999999591e-01 6.233020400000000016e+00
8.299999999999999600e-01 6.234150230000000015e+00
8.309999999999999609e-01 6.235567660000000068e+00
8.319999999999999618e-01 6.236757240000000202e+00
8.329999999999999627e-01 6.237922840000000413e+00
8.339999999999999636e-01 6.239244379999999701e+00
8.349999999999999645e-01 6.240505670000000116e+00
8.359999999999999654e-01 6.241848779999999763e+00
8.369999999999999662e-01 6.242830490000000232e+00
8.379999999999999671e-01 6.244411109999999709e+00
8.389999999999999680e-01 6.245502100000000389e+00
8.399999999999999689e-01 6.246958659999999774e+00
8.409999999999999698e-01 6.248236709999999583e+00
8.419999999999999707e-01 6.249267409999999856e+00
8.429999999999999716e-01 6.250708730000000379e+00
8.439999999999999725e-01 6.251855179999999734e+00
8.449999999999999734e-01 6.253138279999999938e+00
8.459999999999999742e-01 6.254515640000000154e+00
8.469999999999999751e-01 6.255887320000000251e+00
8.479999999999999760e-01 6.257018959999999907e+00
8.489999999999999769e-01 6.258504689999999648e+00
8.499999999999999778e-01 6.259735880000000030e+00
8.509999999999999787e-01 6.260942459999999876e+00
8.519999999999999796e-01 6.262129540000000105e+00
8.529999999999999805e-01 6.263849790000000084e+00
8.539999999999999813e-01 6.264889379999999619e+00
8.549999999999999822e-01 6.266289989999999754e+00
8.559999999999999831e-01 6.267369659999999953e+00
8.569999999999999840e-01 6.268849529999999781e+00
8.579999999999999849e-01 6.269855470000000430e+00
8.589999999999999858e-01 6.271377529999999645e+00
8.599999999999999867e-01 6.272565850000000331e+00
8.609999999999999876e-01 6.274084850000000380e+00
8.619999999999999885e-01 6.275303140000000113e+00
8.629999999999999893e-01 6.276513379999999920e+00
8.639999999999999902e-01 6.277666769999999730e+00
8.649999999999999911e-01 6.279349189999999581e+00
8.659999999999999920e-01 6.280626990000000021e+00
8.669999999999999929e-01 6.281721280000000185e+00
8.679999999999999938e-01 6.283310120000000332e+00
8.689999999999999947e-01 6.284429130000000363e+00
8.699999999999999956e-01 6.285774459999999841e+00
8.709999999999999964e-01 6.287024800000000191e+00
8.719999999999999973e-01 6.288454129999999864e+00
8.729999999999999982e-01 6.289676159999999960e+00
8.739999999999999991e-01 6.290895579999999931e+00
8.750000000000000000e-01 6.292439729999999898e+00
8.760000000000000009e-01 6.293778889999999571e+00
8.770000000000000018e-01 6.295070589999999910e+00
8.780000000000000027e-01 6.296500489999999672e+00
8.790000000000000036e-01 6.297820139999999789e+00
8.800000000000000044e-01 6.299092120000000072e+00
8.810000000000000053e-01 6.300726629999999773e+00
8.820000000000000062e-01 6.301789399999999652e+00
8.830000000000000071e-01 6.303212359999999848e+00
8.840000000000000080e-01 6.304629669999999741e+00
8.850000000000000089e-01 6.305829010000000068e+00
8.860000000000000098e-01 6.307244670000000220e+00
8.870000000000000107e-01 6.308612580000000136e+00
8.880000000000000115e-01 6.309800390000000370e+00
8.890000000000000124e-01 6.311158139999999861e+00
8.900000000000000133e-01 6.312688149999999609e+00
8.910000000000000142e-01 6.314077649999999764e+00
8.920000000000000151e-01 6.315417120000000217e+00
8.930000000000000160e-01 6.316517110000000379e+00
8.940000000000000169e-01 6.318052699999999966e+00
8.950000000000000178e-01 6.319263109999999628e+00
8.960000000000000187e-01 6.320947349999999965e+00
8.970000000000000195e-01 6.322365790000000096e+00
8.980000000000000204e-01 6.323459210000000219e+00
8.990000000000000213e-01 6.324929730000000028e+00
9.000000000000000222e-01 6.326233260000000413e+00
9.010000000000000231e-01 6.327597530000000248e+00
9.020000000000000240e-01 6.328987409999999869e+00
9.030000000000000249e-01 6.330565779999999698e+00
9.040000000000000258e-01 6.331725450000000421e+00
9.050000000000000266e-01 6.333250529999999934e+00
9.060000000000000275e-01 6.334593199999999591e+00
9.070000000000000284e-01 6.335887399999999836e+00
9.080000000000000293e-01 6.337304859999999707e+00
9.090000000000000302e-01 6.338774410000000081e+00
9.100000000000000311e-01 6.340102589999999871e+00
9.110000000000000320e-01 6.341508590000000112e+00
9.120000000000000329e-01 6.342859619999999587e+00
9.130000000000000338e-01 6.344400379999999728e+00
9.140000000000000346e-01 6.345771799999999629e+00
9.150000000000000355e-01 6.347139760000000130e+00
9.160000000000000364e-01 6.348508260000000014e+00
9.170000000000000373e-01 6.349946619999999875e+00
9.180000000000000382e-01 6.351240109999999994e+00
9.190000000000000391e-01 6.352532619999999852e+00
9.200000000000000400e-01 6.353982870000000283e+00
9.210000000000000409e-01 6.355520600000000186e+00
9.220000000000000417e-01 6.356955310000000026e+00
9.230000000000000426e-01 6.358397509999999642e+00
9.240000000000000435e-01 6.359613000000000405e+00
9.250000000000000444e-01 6.361011160000000331e+00
9.260000000000000453e-01 6.362614800000000237e+00
9.270000000000000462e-01 6.363868530000000412e+00
9.280000000000000471e-01 6.365367589999999964e+00
9.290000000000000480e-01 6.366781350000000117e+00
9.300000000000000488e-01 6.368075850000000315e+00
9.310000000000000497e-01 6.369495889999999605e+00
9.320000000000000506e-01 6.371020839999999907e+00
9.330000000000000515e-01 6.372508820000000185e+00
9.340000000000000524e-01 6.373910529999999852e+00
9.350000000000000533e-01 6.375341269999999838e+00
9.360000000000000542e-01 6.376607279999999989e+00
9.370000000000000551e-01 6.378163579999999833e+00
9.379999999999999449e-01 6.379467560000000148e+00
9.389999999999999458e-01 6.381044799999999739e+00
9.399999999999999467e-01 6.382456190000000085e+00
9.409999999999999476e-01 6.384202229999999645e+00
9.419999999999999485e-01 6.385429000000000244e+00
9.429999999999999494e-01 6.386835709999999722e+00
9.439999999999999503e-01 6.388271450000000407e+00
9.449999999999999512e-01 6.389737789999999862e+00
9.459999999999999520e-01 6.391143529999999906e+00
9.469999999999999529e-01 6.392536960000000157e+00
9.479999999999999538e-01 6.394093739999999748e+00
9.489999999999999547e-01 6.395546010000000337e+00
9.499999999999999556e-01 6.396925509999999981e+00
9.509999999999999565e-01 6.398444089999999917e+00
9.519999999999999574e-01 6.399963080000000026e+00
9.529999999999999583e-01 6.401298520000000103e+00
9.539999999999999591e-01 6.402694999999999581e+00
9.549999999999999600e-01 6.404297279999999759e+00
9.559999999999999609e-01 6.405622769999999910e+00
9.569999999999999618e-01 6.407042070000000145e+00
9.579999999999999627e-01 6.408726040000000346e+00
9.589999999999999636e-01 6.410088319999999840e+00
9.599999999999999645e-01 6.411515480000000267e+00
9.609999999999999654e-01 6.412897670000000439e+00
9.619999999999999662e-01 6.414686520000000058e+00
9.629999999999999671e-01 6.415986900000000048e+00
9.639999999999999680e-01 6.417756469999999602e+00
9.649999999999999689e-01 6.418979280000000287e+00
9.659999999999999698e-01 6.420310780000000328e+00
9.669999999999999707e-01 6.421636480000000091e+00
9.679999999999999716e-01 6.423414479999999926e+00
9.689999999999999725e-01 6.424832069999999895e+00
9.699999999999999734e-01 6.426208619999999705e+00
9.709999999999999742e-01 6.427903729999999705e+00
9.719999999999999751e-01 6.429435749999999672e+00
9.729999999999999760e-01 6.430622429999999667e+00
9.739999999999999769e-01 6.432301060000000348e+00
9.749999999999999778e-01 6.433800759999999563e+00
9.759999999999999787e-01 6.435274599999999623e+00
9.769999999999999796e-01 6.436583180000000404e+00
9.779999999999999805e-01 6.438359939999999781e+00
9.789999999999999813e-01 6.439800349999999618e+00
9.799999999999999822e-01 6.441138819999999932e+00
9.809999999999999831e-01 6.442860719999999652e+00
9.819999999999999840e-01 6.444246470000000393e+00
9.829999999999999849e-01 6.445703430000000012e+00
9.839999999999999858e-01 6.447113530000000203e+00
9.849999999999999867e-01 6.448768259999999586e+00
9.859999999999999876e-01 6.450335739999999873e+00
9.869999999999999885e-01 6.451794969999999907e+00
9.879999999999999893e-01 6.453237370000000084e+00
9.889999999999999902e-01 6.454835369999999628e+00
9.899999999999999911e-01 6.456318900000000305e+00
9.909999999999999920e-01 6.457815189999999816e+00
9.919999999999999929e-01 6.459442609999999974e+00
9.929999999999999938e-01 6.460816180000000131e+00
9.939999999999999947e-01 6.462492619999999910e+00
9.949999999999999956e-01 6.464021220000000234e+00
9.959999999999999964e-01 6.465294400000000330e+00
9.969999999999999973e-01 6.466767039999999689e+00
9.979999999999999982e-01 6.468223039999999813e+00
9.989999999999999991e-01 6.470002430000000082e+00
1.000000000000000000e+00 6.471568770000000193e+00
