0.000000000000000000e+00 7.479307259999999680e+00
1.000000000000000021e-03 6.141930529999999777e+00
2.000000000000000042e-03 6.947697090000000131e+00
3.000000000000000062e-03 4.159801189999999593e+00
4.000000000000000083e-03 7.367997879999999888e+00
5.000000000000000104e-03 4.516688320000000090e+00
6.000000000000000125e-03 6.235162009999999810e+00
7.000000000000000146e-03 6.628398400000000024e+00
8.000000000000000167e-03 6.633806739999999813e+00
8.999999999999999320e-03 4.886547209999999808e+00
1.000000000000000021e-02 5.861979660000000258e+00
1.099999999999999936e-02 5.348035499999999942e+00
1.200000000000000025e-02 7.096476039999999763e+00
1.299999999999999940e-02 5.362666360000000410e+00
1.400000000000000029e-02 5.485444069999999783e+00
1.499999999999999944e-02 5.535460149999999580e+00
1.600000000000000033e-02 6.394964179999999665e+00
1.700000000000000122e-02 6.368589219999999607e+00
1.799999999999999864e-02 5.410545169999999793e+00
1.899999999999999953e-02 4.833154930000000071e+00
2.000000000000000042e-02 7.681131699999999896e+00
2.100000000000000130e-02 3.572099000000000135e+00
2.199999999999999872e-02 6.954192869999999971e+00
2.299999999999999961e-02 6.693319709999999922e+00
2.400000000000000050e-02 6.789854909999999855e+00
2.500000000000000139e-02 4.936961529999999598e+00
2.599999999999999881e-02 4.946153449999999729e+00
2.699999999999999969e-02 4.870510839999999675e+00
2.800000000000000058e-02 6.828040009999999604e+00
2.900000000000000147e-02 6.886609670000000349e+00
2.999999999999999889e-02 5.727061110000000177e+00
3.099999999999999978e-02 7.028641580000000388e+00
3.200000000000000067e-02 6.764913929999999631e+00
3.300000000000000155e-02 4.991595489999999913e+00
3.400000000000000244e-02 5.557791289999999940e+00
3.500000000000000333e-02 4.899902980000000241e+00
3.599999999999999728e-02 6.059912360000000220e+00
3.699999999999999817e-02 4.957979739999999858e+00
3.799999999999999906e-02 5.189262770000000025e+00
3.899999999999999994e-02 6.861964140000000434e+00
4.000000000000000083e-02 6.634260870000000310e+00
4.100000000000000172e-02 6.805965279999999673e+00
4.200000000000000261e-02 5.301891430000000405e+00
4.299999999999999656e-02 6.833572850000000365e+00
4.399999999999999745e-02 5.740893230000000180e+00
4.499999999999999833e-02 6.506105350000000342e+00
4.599999999999999922e-02 6.004730259999999653e+00
4.700000000000000011e-02 6.016719430000000202e+00
4.800000000000000100e-02 6.504835629999999647e+00
4.900000000000000189e-02 5.496393300000000259e+00
5.000000000000000278e-02 6.371703639999999780e+00
5.099999999999999672e-02 4.718954740000000037e+00
5.199999999999999761e-02 7.069377479999999991e+00
5.299999999999999850e-02 5.752694510000000427e+00
5.399999999999999939e-02 6.887983349999999838e+00
5.500000000000000028e-02 6.154218189999999922e+00
5.600000000000000117e-02 6.084553599999999562e+00
5.700000000000000205e-02 6.192014789999999991e+00
5.800000000000000294e-02 6.209300309999999712e+00
5.899999999999999689e-02 6.376918149999999841e+00
5.999999999999999778e-02 5.022635690000000430e+00
6.099999999999999867e-02 7.387010329999999847e+00
6.199999999999999956e-02 5.941160039999999753e+00
6.300000000000000044e-02 4.694392330000000335e+00
6.400000000000000133e-02 6.683914370000000105e+00
6.500000000000000222e-02 6.680120050000000198e+00
6.600000000000000311e-02 6.080859310000000129e+00
6.700000000000000400e-02 6.466207820000000162e+00
6.800000000000000488e-02 5.750251819999999903e+00
6.900000000000000577e-02 5.665968460000000206e+00
7.000000000000000666e-02 7.129661640000000133e+00
7.099999999999999367e-02 5.099287160000000263e+00
7.199999999999999456e-02 4.437601380000000262e+00
7.299999999999999545e-02 6.095407429999999849e+00
7.399999999999999634e-02 4.879102409999999779e+00
7.499999999999999722e-02 5.541824349999999733e+00
7.599999999999999811e-02 6.550774220000000092e+00
7.699999999999999900e-02 7.596927649999999588e+00
7.799999999999999989e-02 5.121520920000000032e+00
7.900000000000000078e-02 5.553864579999999940e+00
8.000000000000000167e-02 4.895662719999999801e+00
8.100000000000000255e-02 4.596525980000000011e+00
8.200000000000000344e-02 5.897418550000000259e+00
8.300000000000000433e-02 5.739861959999999819e+00
8.400000000000000522e-02 5.451505850000000208e+00
8.500000000000000611e-02 3.482465879999999903e+00
8.599999999999999312e-02 5.343954359999999681e+00
8.699999999999999400e-02 6.552910690000000038e+00
8.799999999999999489e-02 7.574721499999999885e+00
8.899999999999999578e-02 8.148773750000000149e+00
8.999999999999999667e-02 7.692828880000000424e+00
9.099999999999999756e-02 3.757006590000000035e+00
9.199999999999999845e-02 5.131638389999999994e+00
9.299999999999999933e-02 5.112951370000000217e+00
9.400000000000000022e-02 8.592009929999999684e+00
9.500000000000000111e-02 7.250117809999999885e+00
9.600000000000000200e-02 3.916516720000000173e+00
9.700000000000000289e-02 4.089985269999999673e+00
9.800000000000000377e-02 5.428592700000000271e+00
9.900000000000000466e-02 5.654231440000000219e+00
1.000000000000000056e-01 6.183641500000000235e+00
1.010000000000000064e-01 6.341506060000000389e+00
1.019999999999999934e-01 5.093982119999999725e+00
1.029999999999999943e-01 5.688054499999999791e+00
1.039999999999999952e-01 7.480409899999999723e+00
1.049999999999999961e-01 5.950266970000000377e+00
1.059999999999999970e-01 7.223863660000000131e+00
1.069999999999999979e-01 6.209206609999999849e+00
1.079999999999999988e-01 6.804277619999999693e+00
1.089999999999999997e-01 3.301456110000000166e+00
1.100000000000000006e-01 5.551100680000000231e+00
1.110000000000000014e-01 6.932573670000000021e+00
1.120000000000000023e-01 5.526052639999999627e+00
1.130000000000000032e-01 5.731007199999999635e+00
1.140000000000000041e-01 6.027216039999999886e+00
1.150000000000000050e-01 7.004934549999999760e+00
1.160000000000000059e-01 5.407695150000000339e+00
1.170000000000000068e-01 5.784665109999999721e+00
1.179999999999999938e-01 6.612418070000000370e+00
1.189999999999999947e-01 6.975144850000000396e+00
1.199999999999999956e-01 3.030945420000000112e+00
1.209999999999999964e-01 6.867915189999999726e+00
1.219999999999999973e-01 4.996263169999999754e+00
1.229999999999999982e-01 6.361193830000000382e+00
1.239999999999999991e-01 6.488733569999999951e+00
1.250000000000000000e-01 7.460188030000000303e+00
1.260000000000000009e-01 5.695030059999999672e+00
1.270000000000000018e-01 5.002961860000000094e+00
1.280000000000000027e-01 4.466174510000000097e+00
1.290000000000000036e-01 5.299645329999999710e+00
1.300000000000000044e-01 4.590767020000000365e+00
1.310000000000000053e-01 6.537643319999999925e+00
1.320000000000000062e-01 4.942143960000000114e+00
1.330000000000000071e-01 6.736171109999999906e+00
1.340000000000000080e-01 6.110387949999999790e+00
1.350000000000000089e-01 5.386419280000000143e+00
1.360000000000000098e-01 6.296362499999999862e+00
1.370000000000000107e-01 5.449507500000000171e+00
1.380000000000000115e-01 4.792793370000000053e+00
1.390000000000000124e-01 5.574241950000000223e+00
1.400000000000000133e-01 4.874607079999999648e+00
1.409999999999999865e-01 5.656572139999999749e+00
1.419999999999999873e-01 5.672212980000000293e+00
1.429999999999999882e-01 5.945960689999999715e+00
1.439999999999999891e-01 5.391973840000000351e+00
1.449999999999999900e-01 4.519237020000000271e+00
1.459999999999999909e-01 7.539250779999999708e+00
1.469999999999999918e-01 6.390675810000000290e+00
1.479999999999999927e-01 6.376449019999999912e+00
1.489999999999999936e-01 4.877057330000000412e+00
1.499999999999999944e-01 4.974573020000000234e+00
1.509999999999999953e-01 5.172429850000000329e+00
1.519999999999999962e-01 5.597118840000000262e+00
1.529999999999999971e-01 6.802928419999999754e+00
1.539999999999999980e-01 6.593600600000000256e+00
1.549999999999999989e-01 5.099753899999999618e+00
1.559999999999999998e-01 5.286792550000000368e+00
1.570000000000000007e-01 5.069036200000000214e+00
1.580000000000000016e-01 5.764620840000000079e+00
1.590000000000000024e-01 5.213200360000000089e+00
1.600000000000000033e-01 4.674860859999999896e+00
1.610000000000000042e-01 6.691413260000000029e+00
1.620000000000000051e-01 6.657586969999999660e+00
1.630000000000000060e-01 7.836111790000000354e+00
1.640000000000000069e-01 5.811195889999999586e+00
1.650000000000000078e-01 6.291346210000000383e+00
1.660000000000000087e-01 4.874601440000000174e+00
1.670000000000000095e-01 4.296529350000000136e+00
1.680000000000000104e-01 5.217167810000000294e+00
1.690000000000000113e-01 6.717895649999999996e+00
1.700000000000000122e-01 7.860645729999999887e+00
1.710000000000000131e-01 6.302886479999999736e+00
1.719999999999999862e-01 5.144616319999999909e+00
1.729999999999999871e-01 7.183670160000000138e+00
1.739999999999999880e-01 6.299548180000000386e+00
1.749999999999999889e-01 6.725858800000000137e+00
1.759999999999999898e-01 6.066849630000000104e+00
1.769999999999999907e-01 7.492980669999999677e+00
1.779999999999999916e-01 5.110933540000000441e+00
1.789999999999999925e-01 6.354326399999999708e+00
1.799999999999999933e-01 8.023075900000000260e+00
1.809999999999999942e-01 5.273585889999999665e+00
1.819999999999999951e-01 5.830908359999999568e+00
1.829999999999999960e-01 5.608304569999999600e+00
1.839999999999999969e-01 4.787695099999999648e+00
1.849999999999999978e-01 6.172256540000000236e+00
1.859999999999999987e-01 4.253709699999999927e+00
1.869999999999999996e-01 5.456237429999999833e+00
1.880000000000000004e-01 4.047348709999999627e+00
1.890000000000000013e-01 5.729705609999999893e+00
1.900000000000000022e-01 6.623404439999999838e+00
1.910000000000000031e-01 4.614570360000000093e+00
1.920000000000000040e-01 6.939690159999999608e+00
1.930000000000000049e-01 3.761455499999999841e+00
1.940000000000000058e-01 6.225581990000000232e+00
1.950000000000000067e-01 4.801474080000000200e+00
1.960000000000000075e-01 6.046719659999999941e+00
1.970000000000000084e-01 7.926586389999999760e+00
1.980000000000000093e-01 6.216450090000000372e+00
1.990000000000000102e-01 7.679552649999999758e+00
2.000000000000000111e-01 5.841269089999999942e+00
2.010000000000000120e-01 6.088703500000000268e+00
2.020000000000000129e-01 7.440720879999999759e+00
2.030000000000000138e-01 5.253492360000000083e+00
2.039999999999999869e-01 5.704691870000000442e+00
2.049999999999999878e-01 5.771978990000000032e+00
2.059999999999999887e-01 7.085989719999999714e+00
2.069999999999999896e-01 6.298234980000000149e+00
2.079999999999999905e-01 7.230363539999999922e+00
2.089999999999999913e-01 5.605653560000000368e+00
2.099999999999999922e-01 7.069526269999999890e+00
2.109999999999999931e-01 7.469828419999999802e+00
2.119999999999999940e-01 5.518020739999999869e+00
2.129999999999999949e-01 4.835529110000000408e+00
2.139999999999999958e-01 5.848099000000000380e+00
2.149999999999999967e-01 5.150554859999999735e+00
2.159999999999999976e-01 4.758617469999999905e+00
2.169999999999999984e-01 5.521784460000000117e+00
2.179999999999999993e-01 5.339427279999999776e+00
2.190000000000000002e-01 5.727716540000000300e+00
2.200000000000000011e-01 5.791786019999999979e+00
2.210000000000000020e-01 6.064218519999999835e+00
2.220000000000000029e-01 7.169499590000000033e+00
2.230000000000000038e-01 5.000740600000000313e+00
2.240000000000000047e-01 5.273651609999999934e+00
2.250000000000000056e-01 6.295660439999999802e+00
2.260000000000000064e-01 5.431842210000000115e+00
2.270000000000000073e-01 5.271154710000000243e+00
2.280000000000000082e-01 7.296558379999999566e+00
2.290000000000000091e-01 6.277125329999999614e+00
2.300000000000000100e-01 6.032777689999999637e+00
2.310000000000000109e-01 6.675799760000000305e+00
2.320000000000000118e-01 6.198946010000000229e+00
2.330000000000000127e-01 5.118212399999999995e+00
2.340000000000000135e-01 6.218109909999999907e+00
2.349999999999999867e-01 6.866153090000000070e+00
2.359999999999999876e-01 5.896947139999999976e+00
2.369999999999999885e-01 4.842251079999999597e+00
2.379999999999999893e-01 6.041496880000000402e+00
2.389999999999999902e-01 5.169075330000000079e+00
2.399999999999999911e-01 4.160907459999999780e+00
2.409999999999999920e-01 4.736271620000000127e+00
2.419999999999999929e-01 6.352573869999999623e+00
2.429999999999999938e-01 7.150511319999999671e+00
2.439999999999999947e-01 7.163715559999999982e+00
2.449999999999999956e-01 5.930786430000000387e+00
2.459999999999999964e-01 4.152606529999999907e+00
2.469999999999999973e-01 5.012155869999999958e+00
2.479999999999999982e-01 7.069895589999999785e+00
2.489999999999999991e-01 4.047720570000000073e+00
2.500000000000000000e-01 4.182060479999999636e+00
2.510000000000000009e-01 6.508705680000000271e+00
2.520000000000000018e-01 5.864936860000000252e+00
2.530000000000000027e-01 6.399204860000000217e+00
2.540000000000000036e-01 5.981197240000000193e+00
2.550000000000000044e-01 5.544696079999999583e+00
2.560000000000000053e-01 6.642462130000000187e+00
2.570000000000000062e-01 5.960463930000000410e+00
2.580000000000000071e-01 5.324379079999999931e+00
2.590000000000000080e-01 7.927704140000000343e+00
2.600000000000000089e-01 5.030577329999999847e+00
2.610000000000000098e-01 5.746073370000000402e+00
2.620000000000000107e-01 6.882303969999999715e+00
2.630000000000000115e-01 4.981286820000000226e+00
2.640000000000000124e-01 7.234010190000000229e+00
2.650000000000000133e-01 4.597643790000000230e+00
2.660000000000000142e-01 6.605334120000000198e+00
2.670000000000000151e-01 5.199482269999999851e+00
2.680000000000000160e-01 5.605654959999999853e+00
2.690000000000000169e-01 6.254901310000000159e+00
2.700000000000000178e-01 6.550849000000000366e+00
2.710000000000000187e-01 4.338261120000000304e+00
2.720000000000000195e-01 7.733457890000000390e+00
2.730000000000000204e-01 6.409542100000000353e+00
2.740000000000000213e-01 6.547574589999999972e+00
2.750000000000000222e-01 6.323873370000000271e+00
2.760000000000000231e-01 5.812763799999999925e+00
2.770000000000000240e-01 5.525248839999999717e+00
2.780000000000000249e-01 5.276599820000000385e+00
2.790000000000000258e-01 7.092867639999999696e+00
2.800000000000000266e-01 6.331446679999999994e+00
2.810000000000000275e-01 4.699516609999999872e+00
2.819999999999999729e-01 5.937887009999999854e+00
2.829999999999999738e-01 3.729337870000000166e+00
2.839999999999999747e-01 5.183107070000000149e+00
2.849999999999999756e-01 6.428593349999999873e+00
2.859999999999999765e-01 3.900745039999999886e+00
2.869999999999999774e-01 4.208785259999999973e+00
2.879999999999999782e-01 4.624235380000000006e+00
2.889999999999999791e-01 5.628220899999999638e+00
2.899999999999999800e-01 5.370889970000000346e+00
2.909999999999999809e-01 6.551901400000000208e+00
2.919999999999999818e-01 3.961044279999999862e+00
2.929999999999999827e-01 6.566552810000000129e+00
2.939999999999999836e-01 6.511679059999999630e+00
2.949999999999999845e-01 7.739422580000000274e+00
2.959999999999999853e-01 5.400434670000000104e+00
2.969999999999999862e-01 4.268419879999999722e+00
2.979999999999999871e-01 6.336296629999999652e+00
2.989999999999999880e-01 5.211122549999999798e+00
2.999999999999999889e-01 4.696831890000000342e+00
3.009999999999999898e-01 6.729597219999999602e+00
3.019999999999999907e-01 7.267120300000000199e+00
3.029999999999999916e-01 4.799358380000000146e+00
3.039999999999999925e-01 5.483151610000000176e+00
3.049999999999999933e-01 4.927883920000000195e+00
3.059999999999999942e-01 3.697267230000000016e+00
3.069999999999999951e-01 6.112422239999999896e+00
3.079999999999999960e-01 6.924906789999999646e+00
3.089999999999999969e-01 5.139561020000000369e+00
3.099999999999999978e-01 4.586930480000000365e+00
3.109999999999999987e-01 5.783885699999999908e+00
3.119999999999999996e-01 7.299274070000000059e+00
3.130000000000000004e-01 4.793197499999999778e+00
3.140000000000000013e-01 6.885933699999999824e+00
3.150000000000000022e-01 5.076331970000000027e+00
3.160000000000000031e-01 6.582134639999999592e+00
3.170000000000000040e-01 5.273939310000000269e+00
3.180000000000000049e-01 4.870747380000000071e+00
3.190000000000000058e-01 4.870994259999999798e+00
3.200000000000000067e-01 6.865045170000000141e+00
3.210000000000000075e-01 7.330105180000000331e+00
3.220000000000000084e-01 5.223952559999999856e+00
3.230000000000000093e-01 5.535487169999999679e+00
3.240000000000000102e-01 5.645518960000000419e+00
3.250000000000000111e-01 5.765831150000000349e+00
3.260000000000000120e-01 5.704029669999999719e+00
3.270000000000000129e-01 5.442770389999999736e+00
3.280000000000000138e-01 6.473704549999999891e+00
3.290000000000000147e-01 6.123553959999999741e+00
3.300000000000000155e-01 5.552809419999999996e+00
3.310000000000000164e-01 5.718695209999999918e+00
3.320000000000000173e-01 6.465742820000000002e+00
3.330000000000000182e-01 4.345907239999999838e+00
3.340000000000000191e-01 5.952039639999999743e+00
3.350000000000000200e-01 6.309258119999999970e+00
3.360000000000000209e-01 5.363694960000000123e+00
3.370000000000000218e-01 7.111595999999999584e+00
3.380000000000000226e-01 7.042342719999999723e+00
3.390000000000000235e-01 5.114256379999999602e+00
3.400000000000000244e-01 6.501411970000000373e+00
3.410000000000000253e-01 6.145756320000000272e+00
3.420000000000000262e-01 5.876038720000000382e+00
3.430000000000000271e-01 6.102466490000000299e+00
3.439999999999999725e-01 6.225307260000000120e+00
3.449999999999999734e-01 5.756718049999999920e+00
3.459999999999999742e-01 6.360217760000000276e+00
3.469999999999999751e-01 6.130517850000000379e+00
3.479999999999999760e-01 6.420093259999999802e+00
3.489999999999999769e-01 6.779563060000000085e+00
3.499999999999999778e-01 6.567537999999999876e+00
3.509999999999999787e-01 5.493838880000000202e+00
3.519999999999999796e-01 6.059540029999999966e+00
3.529999999999999805e-01 7.411539499999999947e+00
3.539999999999999813e-01 6.330283080000000062e+00
3.549999999999999822e-01 7.387243309999999674e+00
3.559999999999999831e-01 4.185559239999999903e+00
3.569999999999999840e-01 4.778728479999999834e+00
3.579999999999999849e-01 5.357877620000000007e+00
3.589999999999999858e-01 3.832992910000000197e+00
3.599999999999999867e-01 6.536529520000000204e+00
3.609999999999999876e-01 5.513369639999999627e+00
3.619999999999999885e-01 5.620717729999999968e+00
3.629999999999999893e-01 6.489187560000000410e+00
3.639999999999999902e-01 6.686191520000000388e+00
3.649999999999999911e-01 5.267914460000000076e+00
3.659999999999999920e-01 5.745335899999999718e+00
3.669999999999999929e-01 4.776222409999999918e+00
3.679999999999999938e-01 6.553532350000000228e+00
3.689999999999999947e-01 7.226444210000000368e+00
3.699999999999999956e-01 5.918983169999999738e+00
3.709999999999999964e-01 4.253638180000000268e+00
3.719999999999999973e-01 6.634504009999999674e+00
3.729999999999999982e-01 6.164573999999999998e+00
3.739999999999999991e-01 6.102585330000000141e+00
3.750000000000000000e-01 5.352655969999999819e+00
3.760000000000000009e-01 6.298527049999999683e+00
3.770000000000000018e-01 6.193959910000000235e+00
3.780000000000000027e-01 6.443874710000000228e+00
3.790000000000000036e-01 6.879958189999999973e+00
3.800000000000000044e-01 6.287078049999999863e+00
3.810000000000000053e-01 5.533290270000000177e+00
3.820000000000000062e-01 5.950912670000000126e+00
3.830000000000000071e-01 5.505707160000000044e+00
3.840000000000000080e-01 5.162861020000000245e+00
3.850000000000000089e-01 4.865355840000000320e+00
3.860000000000000098e-01 6.078461459999999761e+00
3.870000000000000107e-01 5.247964630000000241e+00
3.880000000000000115e-01 4.706513509999999734e+00
3.890000000000000124e-01 5.553455959999999969e+00
3.900000000000000133e-01 6.160204260000000431e+00
3.910000000000000142e-01 3.706709220000000027e+00
3.920000000000000151e-01 6.175356029999999663e+00
3.930000000000000160e-01 5.088454650000000079e+00
3.940000000000000169e-01 8.394254000000000104e+00
3.950000000000000178e-01 6.924483809999999906e+00
3.960000000000000187e-01 4.278038109999999783e+00
3.970000000000000195e-01 4.953699209999999908e+00
3.980000000000000204e-01 4.868333729999999804e+00
3.990000000000000213e-01 5.329679600000000406e+00
4.000000000000000222e-01 3.907114860000000078e+00
4.010000000000000231e-01 5.530522849999999657e+00
4.020000000000000240e-01 5.169069549999999680e+00
4.030000000000000249e-01 7.087912320000000044e+00
4.040000000000000258e-01 6.121045829999999910e+00
4.050000000000000266e-01 5.466833120000000434e+00
4.060000000000000275e-01 7.434581310000000443e+00
4.069999999999999729e-01 6.354155219999999993e+00
4.079999999999999738e-01 6.196140019999999637e+00
4.089999999999999747e-01 6.069169320000000312e+00
4.099999999999999756e-01 5.279486249999999714e+00
4.109999999999999765e-01 5.966767749999999815e+00
4.119999999999999774e-01 6.137718379999999918e+00
4.129999999999999782e-01 6.320643170000000310e+00
4.139999999999999791e-01 7.820714539999999992e+00
4.149999999999999800e-01 5.363189069999999781e+00
4.159999999999999809e-01 7.646735109999999835e+00
4.169999999999999818e-01 7.791936399999999985e+00
4.179999999999999827e-01 6.249361949999999943e+00
4.189999999999999836e-01 5.111016750000000108e+00
4.199999999999999845e-01 5.982098330000000352e+00
4.209999999999999853e-01 7.645195600000000091e+00
4.219999999999999862e-01 6.453040719999999730e+00
4.229999999999999871e-01 5.801224419999999604e+00
4.239999999999999880e-01 5.628884099999999613e+00
4.249999999999999889e-01 5.244008710000000129e+00
4.259999999999999898e-01 6.025175400000000181e+00
4.269999999999999907e-01 5.607073630000000364e+00
4.279999999999999916e-01 6.421181990000000006e+00
4.289999999999999925e-01 4.879688729999999808e+00
4.299999999999999933e-01 6.338795560000000329e+00
4.309999999999999942e-01 6.141926950000000218e+00
4.319999999999999951e-01 6.212403649999999722e+00
4.329999999999999960e-01 6.708597609999999989e+00
4.339999999999999969e-01 7.971392050000000395e+00
4.349999999999999978e-01 5.324141309999999905e+00
4.359999999999999987e-01 4.814887019999999573e+00
4.369999999999999996e-01 3.674334770000000194e+00
4.380000000000000004e-01 6.483394340000000255e+00
4.390000000000000013e-01 6.333859679999999770e+00
4.400000000000000022e-01 6.803062539999999991e+00
4.410000000000000031e-01 4.379409329999999656e+00
4.420000000000000040e-01 6.492289709999999658e+00
4.430000000000000049e-01 6.599622919999999837e+00
4.440000000000000058e-01 4.983475559999999582e+00
4.450000000000000067e-01 5.047610439999999699e+00
4.460000000000000075e-01 5.074482360000000192e+00
4.470000000000000084e-01 6.324233880000000418e+00
4.480000000000000093e-01 6.136213979999999957e+00
4.490000000000000102e-01 7.270604729999999627e+00
4.500000000000000111e-01 4.401658939999999909e+00
4.510000000000000120e-01 5.933012579999999758e+00
4.520000000000000129e-01 6.424681520000000035e+00
4.530000000000000138e-01 6.429008330000000271e+00
4.540000000000000147e-01 6.150650889999999649e+00
4.550000000000000155e-01 7.903063409999999678e+00
4.560000000000000164e-01 6.267100069999999690e+00
4.570000000000000173e-01 6.668496499999999827e+00
4.580000000000000182e-01 6.214097370000000176e+00
4.590000000000000191e-01 5.378406130000000118e+00
4.600000000000000200e-01 7.037689969999999740e+00
4.610000000000000209e-01 6.463530859999999656e+00
4.620000000000000218e-01 5.513261179999999761e+00
4.630000000000000226e-01 3.982343600000000094e+00
4.640000000000000235e-01 5.995973689999999579e+00
4.650000000000000244e-01 5.983715390000000411e+00
4.660000000000000253e-01 5.501583570000000201e+00
4.670000000000000262e-01 6.751579300000000394e+00
4.680000000000000271e-01 3.680104370000000014e+00
4.689999999999999725e-01 6.346788459999999965e+00
4.699999999999999734e-01 4.511530109999999816e+00
4.709999999999999742e-01 6.981085840000000431e+00
4.719999999999999751e-01 4.221232930000000216e+00
4.729999999999999760e-01 6.665620230000000035e+00
4.739999999999999769e-01 5.727470799999999862e+00
4.749999999999999778e-01 5.910201999999999956e+00
4.759999999999999787e-01 5.754715779999999725e+00
4.769999999999999796e-01 4.870411919999999562e+00
4.779999999999999805e-01 7.318498840000000172e+00
4.789999999999999813e-01 6.179950909999999631e+00
4.799999999999999822e-01 4.673296989999999873e+00
4.809999999999999831e-01 5.060238589999999981e+00
4.819999999999999840e-01 5.871572060000000093e+00
4.829999999999999849e-01 5.827240849999999917e+00
4.839999999999999858e-01 5.921926299999999976e+00
4.849999999999999867e-01 5.357429350000000312e+00
4.859999999999999876e-01 5.822620770000000334e+00
4.869999999999999885e-01 5.203747449999999830e+00
4.879999999999999893e-01 7.302691779999999966e+00
4.889999999999999902e-01 5.483323859999999605e+00
4.899999999999999911e-01 5.881884419999999558e+00
4.909999999999999920e-01 5.140538480000000021e+00
4.919999999999999929e-01 6.218604080000000423e+00
4.929999999999999938e-01 5.692344989999999605e+00
4.939999999999999947e-01 7.959482649999999992e+00
4.949999999999999956e-01 5.139274480000000089e+00
4.959999999999999964e-01 6.019521870000000163e+00
4.969999999999999973e-01 5.330851290000000020e+00
4.979999999999999982e-01 6.576277880000000131e+00
4.989999999999999991e-01 6.858998879999999687e+00
5.000000000000000000e-01 6.303811310000000390e+00
5.010000000000000009e-01 4.983275019999999778e+00
5.020000000000000018e-01 4.083757040000000060e+00
5.030000000000000027e-01 6.986739659999999574e+00
5.040000000000000036e-01 5.271238639999999975e+00
5.050000000000000044e-01 5.618387509999999807e+00
5.060000000000000053e-01 5.706969479999999706e+00
5.070000000000000062e-01 5.943115579999999731e+00
5.080000000000000071e-01 6.861158119999999805e+00
5.090000000000000080e-01 5.740186060000000090e+00
5.100000000000000089e-01 5.315178549999999724e+00
5.110000000000000098e-01 5.676263419999999726e+00
5.120000000000000107e-01 5.563637670000000313e+00
5.130000000000000115e-01 5.459984640000000056e+00
5.140000000000000124e-01 6.470809209999999645e+00
5.150000000000000133e-01 4.987048569999999792e+00
5.160000000000000142e-01 6.274474139999999700e+00
5.170000000000000151e-01 4.636438029999999877e+00
5.180000000000000160e-01 6.402808529999999720e+00
5.190000000000000169e-01 7.264105459999999681e+00
5.200000000000000178e-01 5.583889079999999616e+00
5.210000000000000187e-01 5.700137960000000170e+00
5.220000000000000195e-01 6.098383420000000221e+00
5.230000000000000204e-01 5.248568259999999874e+00
5.240000000000000213e-01 6.422147380000000183e+00
5.250000000000000222e-01 5.289413640000000250e+00
5.260000000000000231e-01 5.448835820000000218e+00
5.270000000000000240e-01 7.465514540000000032e+00
5.280000000000000249e-01 6.699195439999999557e+00
5.290000000000000258e-01 4.165753419999999707e+00
5.300000000000000266e-01 5.856770230000000410e+00
5.310000000000000275e-01 5.936653559999999885e+00
5.320000000000000284e-01 6.902739659999999944e+00
5.330000000000000293e-01 5.520270680000000318e+00
5.340000000000000302e-01 5.834533869999999567e+00
5.350000000000000311e-01 6.800547719999999963e+00
5.360000000000000320e-01 5.568748020000000132e+00
5.370000000000000329e-01 5.778445610000000343e+00
5.380000000000000338e-01 5.527205129999999578e+00
5.390000000000000346e-01 7.399058769999999896e+00
5.400000000000000355e-01 5.281154449999999834e+00
5.410000000000000364e-01 6.342972040000000256e+00
5.420000000000000373e-01 7.722282779999999569e+00
5.430000000000000382e-01 6.047899570000000224e+00
5.440000000000000391e-01 6.767696950000000378e+00
5.450000000000000400e-01 4.576230469999999606e+00
5.460000000000000409e-01 5.764861439999999781e+00
5.470000000000000417e-01 6.916653460000000031e+00
5.480000000000000426e-01 4.898975440000000070e+00
5.490000000000000435e-01 7.456894239999999563e+00
5.500000000000000444e-01 6.902213829999999994e+00
5.510000000000000453e-01 6.041776869999999633e+00
5.520000000000000462e-01 6.037764750000000014e+00
5.530000000000000471e-01 5.344530100000000061e+00
5.540000000000000480e-01 4.728205729999999996e+00
5.550000000000000488e-01 5.848583149999999620e+00
5.560000000000000497e-01 5.358455550000000400e+00
5.570000000000000506e-01 7.264392230000000339e+00
5.580000000000000515e-01 6.300343630000000417e+00
5.590000000000000524e-01 6.191414029999999791e+00
5.600000000000000533e-01 5.322028750000000308e+00
5.610000000000000542e-01 7.623906289999999863e+00
5.620000000000000551e-01 7.422901819999999873e+00
5.629999999999999449e-01 3.998266999999999793e+00
5.639999999999999458e-01 5.808094729999999650e+00
5.649999999999999467e-01 5.904927999999999955e+00
5.659999999999999476e-01 6.229626589999999631e+00
5.669999999999999485e-01 3.253637219999999886e+00
5.679999999999999494e-01 4.688275649999999573e+00
5.689999999999999503e-01 5.711606739999999682e+00
5.699999999999999512e-01 6.571572040000000392e+00
5.709999999999999520e-01 6.000627660000000141e+00
5.719999999999999529e-01 6.190413209999999999e+00
5.729999999999999538e-01 6.008919749999999560e+00
5.739999999999999547e-01 5.717424600000000190e+00
5.749999999999999556e-01 5.037455650000000063e+00
5.759999999999999565e-01 7.713183279999999975e+00
5.769999999999999574e-01 5.345372229999999725e+00
5.779999999999999583e-01 5.324334160000000260e+00
5.789999999999999591e-01 5.587905250000000379e+00
5.799999999999999600e-01 7.212805170000000210e+00
5.809999999999999609e-01 5.938798489999999930e+00
5.819999999999999618e-01 6.667393999999999821e+00
5.829999999999999627e-01 6.738204170000000381e+00
5.839999999999999636e-01 5.430331680000000105e+00
5.849999999999999645e-01 5.838341869999999822e+00
5.859999999999999654e-01 5.581682940000000315e+00
5.869999999999999662e-01 6.501920179999999938e+00
5.879999999999999671e-01 6.303264010000000361e+00
5.889999999999999680e-01 6.727471450000000353e+00
5.899999999999999689e-01 5.307691290000000173e+00
5.909999999999999698e-01 7.277148310000000286e+00
5.919999999999999707e-01 4.543138459999999768e+00
5.929999999999999716e-01 6.501471760000000266e+00
5.939999999999999725e-01 5.892233880000000035e+00
5.949999999999999734e-01 7.369839599999999713e+00
5.959999999999999742e-01 5.362793070000000384e+00
5.969999999999999751e-01 5.900134750000000317e+00
5.979999999999999760e-01 6.399894220000000189e+00
5.989999999999999769e-01 5.383757730000000130e+00
5.999999999999999778e-01 4.512050130000000436e+00
6.009999999999999787e-01 5.075106680000000203e+00
6.019999999999999796e-01 7.074898860000000234e+00
6.029999999999999805e-01 5.521832579999999879e+00
6.039999999999999813e-01 5.169146920000000200e+00
6.049999999999999822e-01 7.851495660000000321e+00
6.059999999999999831e-01 6.315272219999999770e+00
6.069999999999999840e-01 7.151011269999999698e+00
6.079999999999999849e-01 6.376305699999999632e+00
6.089999999999999858e-01 5.458672510000000422e+00
6.099999999999999867e-01 6.361815449999999927e+00
6.109999999999999876e-01 7.980069499999999927e+00
6.119999999999999885e-01 6.995027890000000248e+00
6.129999999999999893e-01 5.613881880000000102e+00
6.139999999999999902e-01 6.863149459999999813e+00
6.149999999999999911e-01 4.903376699999999921e+00
6.159999999999999920e-01 5.274737149999999986e+00
6.169999999999999929e-01 7.791977529999999597e+00
6.179999999999999938e-01 5.064311199999999680e+00
6.189999999999999947e-01 4.126166940000000061e+00
6.199999999999999956e-01 5.333024759999999809e+00
6.209999999999999964e-01 6.955762799999999579e+00
6.219999999999999973e-01 6.336704110000000334e+00
6.229999999999999982e-01 7.882672610000000191e+00
6.239999999999999991e-01 6.894573000000000285e+00
6.250000000000000000e-01 6.956870730000000336e+00
6.260000000000000009e-01 6.169913320000000034e+00
6.270000000000000018e-01 4.960112480000000268e+00
6.280000000000000027e-01 6.788030639999999671e+00
6.290000000000000036e-01 8.038021329999999409e+00
6.300000000000000044e-01 5.940921539999999723e+00
6.310000000000000053e-01 4.141312779999999805e+00
6.320000000000000062e-01 5.557107519999999745e+00
6.330000000000000071e-01 6.701444910000000199e+00
6.340000000000000080e-01 4.920383199999999846e+00
6.350000000000000089e-01 5.813119280000000444e+00
6.360000000000000098e-01 6.197412250000000178e+00
6.370000000000000107e-01 4.780389689999999803e+00
6.380000000000000115e-01 6.408475339999999854e+00
6.390000000000000124e-01 6.463131699999999924e+00
6.400000000000000133e-01 6.196952950000000016e+00
6.410000000000000142e-01 4.126379130000000117e+00
6.420000000000000151e-01 3.966454999999999842e+00
6.430000000000000160e-01 6.366218100000000213e+00
6.440000000000000169e-01 5.691304810000000103e+00
6.450000000000000178e-01 6.205817999999999834e+00
6.460000000000000187e-01 6.506614889999999818e+00
6.470000000000000195e-01 6.501361639999999831e+00
6.480000000000000204e-01 7.827211580000000168e+00
6.490000000000000213e-01 8.602148259999999880e+00
6.500000000000000222e-01 6.643502609999999642e+00
6.510000000000000231e-01 4.331691250000000437e+00
6.520000000000000240e-01 4.555024099999999798e+00
6.530000000000000249e-01 7.486515749999999692e+00
6.540000000000000258e-01 6.582924750000000103e+00
6.550000000000000266e-01 6.697171029999999803e+00
6.560000000000000275e-01 6.613444799999999901e+00
6.570000000000000284e-01 6.202582689999999843e+00
6.580000000000000293e-01 5.212135140000000000e+00
6.590000000000000302e-01 6.901970399999999728e+00
6.600000000000000311e-01 6.623255529999999780e+00
6.610000000000000320e-01 4.515141739999999793e+00
6.620000000000000329e-01 3.827859259999999875e+00
6.630000000000000338e-01 6.619355969999999978e+00
6.640000000000000346e-01 7.467958140000000355e+00
6.650000000000000355e-01 7.040664790000000117e+00
6.660000000000000364e-01 4.863823130000000106e+00
6.670000000000000373e-01 6.794016369999999583e+00
6.680000000000000382e-01 5.013287079999999563e+00
6.690000000000000391e-01 6.955425220000000408e+00
6.700000000000000400e-01 6.327845560000000091e+00
6.710000000000000409e-01 5.776073720000000300e+00
6.720000000000000417e-01 6.925417099999999770e+00
6.730000000000000426e-01 5.847062990000000404e+00
6.740000000000000435e-01 5.770123660000000321e+00
6.750000000000000444e-01 6.794583379999999728e+00
6.760000000000000453e-01 4.386959550000000263e+00
6.770000000000000462e-01 5.569231399999999610e+00
6.780000000000000471e-01 5.342924250000000264e+00
6.790000000000000480e-01 6.956250459999999691e+00
6.800000000000000488e-01 6.605212250000000118e+00
6.810000000000000497e-01 6.672629080000000101e+00
6.820000000000000506e-01 7.523174400000000261e+00
6.830000000000000515e-01 7.319956969999999785e+00
6.840000000000000524e-01 7.361679449999999569e+00
6.850000000000000533e-01 6.994375820000000132e+00
6.860000000000000542e-01 4.974400359999999743e+00
6.870000000000000551e-01 5.674196509999999805e+00
6.879999999999999449e-01 3.353685679999999891e+00
6.889999999999999458e-01 6.173664549999999807e+00
6.899999999999999467e-01 7.335062469999999557e+00
6.909999999999999476e-01 7.091391790000000306e+00
6.919999999999999485e-01 6.035622929999999720e+00
6.929999999999999494e-01 6.530126450000000027e+00
6.939999999999999503e-01 5.663115649999999945e+00
6.949999999999999512e-01 6.251613029999999682e+00
6.959999999999999520e-01 5.891537300000000421e+00
6.969999999999999529e-01 6.026804989999999584e+00
6.979999999999999538e-01 4.643327479999999952e+00
6.989999999999999547e-01 4.934386650000000429e+00
6.999999999999999556e-01 6.283330470000000112e+00
7.009999999999999565e-01 2.929612479999999852e+00
7.019999999999999574e-01 5.253175620000000379e+00
7.029999999999999583e-01 7.071586260000000124e+00
7.039999999999999591e-01 4.693499720000000153e+00
7.049999999999999600e-01 6.896477100000000249e+00
7.059999999999999609e-01 5.068407969999999985e+00
7.069999999999999618e-01 5.481616279999999897e+00
7.079999999999999627e-01 7.014234949999999635e+00
7.089999999999999636e-01 5.246518810000000421e+00
7.099999999999999645e-01 3.954325700000000055e+00
7.109999999999999654e-01 6.225069200000000080e+00
7.119999999999999662e-01 5.340520099999999992e+00
7.129999999999999671e-01 4.284780760000000299e+00
7.139999999999999680e-01 5.485851069999999829e+00
7.149999999999999689e-01 4.986231260000000276e+00
7.159999999999999698e-01 5.290420899999999982e+00
7.169999999999999707e-01 5.054810709999999929e+00
7.179999999999999716e-01 6.640200140000000140e+00
7.189999999999999725e-01 4.677062740000000218e+00
7.199999999999999734e-01 6.465405549999999835e+00
7.209999999999999742e-01 6.181851980000000246e+00
7.219999999999999751e-01 7.176893820000000090e+00
7.229999999999999760e-01 8.550879180000000801e+00
7.239999999999999769e-01 7.746149090000000292e+00
7.249999999999999778e-01 5.311543200000000020e+00
7.259999999999999787e-01 6.267131919999999745e+00
7.269999999999999796e-01 5.396616830000000142e+00
7.279999999999999805e-01 5.981896510000000333e+00
7.289999999999999813e-01 5.599509140000000329e+00
7.299999999999999822e-01 6.359303859999999808e+00
7.309999999999999831e-01 8.508568370000000769e+00
7.319999999999999840e-01 6.343677750000000337e+00
7.329999999999999849e-01 7.410685479999999714e+00
7.339999999999999858e-01 7.011514029999999842e+00
7.349999999999999867e-01 6.203431169999999995e+00
7.359999999999999876e-01 7.759294780000000280e+00
7.369999999999999885e-01 7.526375009999999754e+00
7.379999999999999893e-01 6.317823790000000272e+00
7.389999999999999902e-01 5.861674719999999894e+00
7.399999999999999911e-01 6.412396150000000183e+00
7.409999999999999920e-01 7.672266480000000222e+00
7.419999999999999929e-01 4.156752520000000395e+00
7.429999999999999938e-01 4.851876980000000117e+00
7.439999999999999947e-01 5.359788319999999828e+00
7.449999999999999956e-01 4.173882459999999739e+00
7.459999999999999964e-01 5.696262789999999576e+00
7.469999999999999973e-01 7.941689880000000201e+00
7.479999999999999982e-01 7.424635580000000346e+00
7.489999999999999991e-01 5.184243490000000065e+00
7.500000000000000000e-01 6.523223309999999664e+00
7.510000000000000009e-01 4.029795810000000422e+00
7.520000000000000018e-01 6.549036029999999897e+00
7.530000000000000027e-01 5.920961270000000276e+00
7.540000000000000036e-01 7.332311449999999731e+00
7.550000000000000044e-01 5.509942009999999613e+00
7.560000000000000053e-01 7.064277360000000172e+00
7.570000000000000062e-01 5.315477340000000162e+00
7.580000000000000071e-01 7.082712339999999607e+00
7.590000000000000080e-01 7.057866109999999971e+00
7.600000000000000089e-01 7.613333120000000065e+00
7.610000000000000098e-01 7.623940850000000324e+00
7.620000000000000107e-01 5.746959910000000171e+00
7.630000000000000115e-01 7.036908620000000170e+00
7.640000000000000124e-01 5.590546670000000162e+00
7.650000000000000133e-01 4.999197800000000136e+00
7.660000000000000142e-01 5.615580999999999712e+00
7.670000000000000151e-01 6.106301890000000121e+00
7.680000000000000160e-01 7.160000679999999562e+00
7.690000000000000169e-01 3.595920800000000028e+00
7.700000000000000178e-01 7.526160390000000255e+00
7.710000000000000187e-01 7.216449210000000392e+00
7.720000000000000195e-01 7.653043249999999631e+00
7.730000000000000204e-01 4.479249610000000104e+00
7.740000000000000213e-01 5.012811499999999754e+00
7.750000000000000222e-01 6.603485110000000269e+00
7.760000000000000231e-01 6.079122520000000307e+00
7.770000000000000240e-01 6.338505409999999785e+00
7.780000000000000249e-01 6.035914860000000104e+00
7.790000000000000258e-01 6.862794319999999892e+00
7.800000000000000266e-01 6.677524219999999566e+00
7.810000000000000275e-01 5.427434039999999627e+00
7.820000000000000284e-01 6.351906180000000290e+00
7.830000000000000293e-01 3.757526480000000113e+00
7.840000000000000302e-01 6.094916659999999986e+00
7.850000000000000311e-01 6.398138349999999974e+00
7.860000000000000320e-01 4.601597660000000367e+00
7.870000000000000329e-01 7.132630500000000318e+00
7.880000000000000338e-01 7.530838929999999820e+00
7.890000000000000346e-01 5.874668400000000013e+00
7.900000000000000355e-01 6.984380179999999605e+00
7.910000000000000364e-01 5.090238600000000169e+00
7.920000000000000373e-01 4.890570979999999679e+00
7.930000000000000382e-01 5.681567969999999690e+00
7.940000000000000391e-01 6.223578220000000272e+00
7.950000000000000400e-01 6.669976420000000239e+00
7.960000000000000409e-01 5.592741130000000283e+00
7.970000000000000417e-01 5.503165349999999734e+00
7.980000000000000426e-01 5.844389510000000065e+00
7.990000000000000435e-01 4.417656489999999714e+00
8.000000000000000444e-01 6.719982049999999596e+00
8.010000000000000453e-01 6.119186309999999906e+00
8.020000000000000462e-01 3.778848969999999863e+00
8.030000000000000471e-01 5.797094480000000161e+00
8.040000000000000480e-01 5.086417800000000433e+00
8.050000000000000488e-01 6.125285960000000252e+00
8.060000000000000497e-01 6.718232539999999808e+00
8.070000000000000506e-01 5.760740919999999932e+00
8.080000000000000515e-01 4.968058939999999701e+00
8.090000000000000524e-01 5.175677559999999566e+00
8.100000000000000533e-01 6.020154330000000442e+00
8.110000000000000542e-01 5.927549710000000083e+00
8.120000000000000551e-01 6.917609810000000081e+00
8.129999999999999449e-01 5.316457780000000355e+00
8.139999999999999458e-01 6.037341239999999942e+00
8.149999999999999467e-01 5.539926630000000074e+00
8.159999999999999476e-01 4.523419549999999845e+00
8.169999999999999485e-01 5.951625520000000336e+00
8.179999999999999494e-01 4.653602549999999560e+00
8.189999999999999503e-01 7.061601249999999830e+00
8.199999999999999512e-01 4.886303729999999845e+00
8.209999999999999520e-01 7.093238440000000367e+00
8.219999999999999529e-01 6.226372089999999915e+00
8.229999999999999538e-01 6.622357619999999834e+00
8.239999999999999547e-01 4.677000780000000191e+00
8.249999999999999556e-01 6.023860850000000156e+00
8.259999999999999565e-01 7.230659310000000062e+00
8.269999999999999574e-01 6.852262279999999706e+00
8.279999999999999583e-01 7.600188069999999740e+00
8.289999999999999591e-01 6.829506949999999854e+00
8.299999999999999600e-01 8.016815360000000723e+00
8.309999999999999609e-01 5.852089430000000370e+00
8.319999999999999618e-01 4.270206270000000082e+00
8.329999999999999627e-01 4.811114980000000152e+00
8.339999999999999636e-01 5.751154559999999805e+00
8.349999999999999645e-01 5.657474630000000282e+00
8.359999999999999654e-01 5.523885919999999672e+00
8.369999999999999662e-01 6.860435690000000086e+00
8.379999999999999671e-01 6.670961769999999902e+00
8.389999999999999680e-01 4.184723599999999877e+00
8.399999999999999689e-01 7.798398109999999939e+00
8.409999999999999698e-01 5.655676709999999829e+00
8.419999999999999707e-01 7.923757990000000362e+00
8.429999999999999716e-01 7.312247720000000228e+00
8.439999999999999725e-01 7.711041530000000144e+00
8.449999999999999734e-01 5.701223470000000404e+00
8.459999999999999742e-01 5.475553299999999624e+00
8.469999999999999751e-01 6.839948459999999564e+00
8.479999999999999760e-01 7.963494309999999743e+00
8.489999999999999769e-01 7.441024640000000190e+00
8.499999999999999778e-01 7.632720479999999696e+00
8.509999999999999787e-01 3.656150219999999784e+00
8.519999999999999796e-01 5.805143270000000300e+00
8.529999999999999805e-01 6.025678390000000384e+00
8.539999999999999813e-01 6.559792559999999995e+00
8.549999999999999822e-01 6.495603520000000408e+00
8.559999999999999831e-01 6.082412630000000320e+00
8.569999999999999840e-01 5.864263349999999875e+00
8.579999999999999849e-01 4.217586210000000335e+00
8.589999999999999858e-01 5.655381529999999657e+00
8.599999999999999867e-01 6.242525040000000303e+00
8.609999999999999876e-01 6.606671509999999969e+00
8.619999999999999885e-01 6.171191750000000198e+00
8.629999999999999893e-01 6.688419539999999941e+00
8.639999999999999902e-01 5.999129329999999705e+00
8.649999999999999911e-01 6.941046000000000049e+00
8.659999999999999920e-01 6.359405749999999635e+00
8.669999999999999929e-01 7.262640339999999917e+00
8.679999999999999938e-01 5.069053549999999575e+00
8.689999999999999947e-01 6.992365649999999988e+00
8.699999999999999956e-01 7.173441760000000222e+00
8.709999999999999964e-01 4.042830730000000372e+00
8.719999999999999973e-01 5.340117099999999617e+00
8.729999999999999982e-01 7.937660619999999945e+00
8.739999999999999991e-01 5.281156000000000184e+00
8.750000000000000000e-01 8.069469480000000416e+00
8.760000000000000009e-01 6.446599059999999604e+00
8.770000000000000018e-01 5.963081560000000003e+00
8.780000000000000027e-01 6.022177779999999814e+00
8.790000000000000036e-01 7.324656670000000425e+00
8.800000000000000044e-01 6.273003860000000209e+00
8.810000000000000053e-01 5.380051299999999870e+00
8.820000000000000062e-01 6.576689080000000409e+00
8.830000000000000071e-01 4.486478459999999835e+00
8.840000000000000080e-01 6.735808460000000331e+00
8.850000000000000089e-01 5.279598879999999994e+00
8.860000000000000098e-01 6.121678959999999670e+00
8.870000000000000107e-01 7.362612809999999897e+00
8.880000000000000115e-01 5.525167869999999759e+00
8.890000000000000124e-01 6.196899450000000087e+00
8.900000000000000133e-01 5.691207030000000167e+00
8.910000000000000142e-01 8.014584680000000461e+00
8.920000000000000151e-01 5.960615849999999938e+00
8.930000000000000160e-01 5.009982059999999571e+00
8.940000000000000169e-01 7.640296209999999810e+00
8.950000000000000178e-01 5.925510759999999877e+00
8.960000000000000187e-01 6.414288909999999788e+00
8.970000000000000195e-01 6.877206219999999703e+00
8.980000000000000204e-01 6.351607060000000082e+00
8.990000000000000213e-01 6.447598100000000443e+00
9.000000000000000222e-01 5.841616160000000058e+00
9.010000000000000231e-01 6.930979230000000157e+00
9.020000000000000240e-01 7.319591420000000070e+00
9.030000000000000249e-01 7.702182269999999775e+00
9.040000000000000258e-01 5.123664500000000288e+00
9.050000000000000266e-01 7.611022659999999718e+00
9.060000000000000275e-01 5.667126439999999654e+00
9.070000000000000284e-01 5.737122049999999973e+00
9.080000000000000293e-01 5.983754010000000179e+00
9.090000000000000302e-01 7.470917799999999609e+00
9.100000000000000311e-01 5.379967190000000343e+00
9.110000000000000320e-01 6.903090119999999885e+00
9.120000000000000329e-01 6.465362769999999593e+00
9.130000000000000338e-01 7.134184280000000378e+00
9.140000000000000346e-01 6.785225979999999879e+00
9.150000000000000355e-01 7.753499259999999893e+00
9.160000000000000364e-01 4.834752329999999709e+00
9.170000000000000373e-01 4.861759850000000327e+00
9.180000000000000382e-01 6.754764690000000016e+00
9.190000000000000391e-01 5.397780440000000013e+00
9.200000000000000400e-01 5.071816949999999657e+00
9.210000000000000409e-01 5.218052160000000050e+00
9.220000000000000417e-01 6.793592460000000166e+00
9.230000000000000426e-01 5.472763750000000371e+00
9.240000000000000435e-01 6.744081849999999712e+00
9.250000000000000444e-01 6.626122160000000427e+00
9.260000000000000453e-01 4.202932149999999645e+00
9.270000000000000462e-01 4.856323269999999859e+00
9.280000000000000471e-01 4.743782409999999672e+00
9.290000000000000480e-01 5.617195739999999660e+00
9.300000000000000488e-01 5.814993509999999866e+00
9.310000000000000497e-01 5.943052419999999891e+00
9.320000000000000506e-01 8.766777160000000180e+00
9.330000000000000515e-01 6.576342819999999811e+00
9.340000000000000524e-01 5.570549689999999998e+00
9.350000000000000533e-01 4.746498899999999743e+00
9.360000000000000542e-01 6.429977029999999871e+00
9.370000000000000551e-01 6.569335050000000287e+00
9.379999999999999449e-01 5.748811029999999711e+00
9.389999999999999458e-01 6.388192209999999704e+00
9.399999999999999467e-01 7.171969830000000101e+00
9.409999999999999476e-01 7.438523280000000071e+00
9.419999999999999485e-01 6.463778030000000285e+00
9.429999999999999494e-01 7.942277490000000384e+00
9.439999999999999503e-01 6.267658139999999989e+00
9.449999999999999512e-01 6.336264189999999630e+00
9.459999999999999520e-01 7.144482199999999672e+00
9.469999999999999529e-01 7.891956040000000172e+00
9.479999999999999538e-01 6.485402839999999891e+00
9.489999999999999547e-01 4.937407860000000426e+00
9.499999999999999556e-01 6.080688369999999843e+00
9.509999999999999565e-01 5.487011919999999598e+00
9.519999999999999574e-01 7.908255800000000058e+00
9.529999999999999583e-01 6.128712430000000211e+00
9.539999999999999591e-01 6.464134389999999897e+00
9.549999999999999600e-01 5.581917350000000333e+00
9.559999999999999609e-01 6.362959270000000167e+00
9.569999999999999618e-01 6.315197539999999776e+00
9.579999999999999627e-01 7.275722479999999770e+00
9.589999999999999636e-01 5.960800309999999769e+00
9.599999999999999645e-01 4.371650550000000024e+00
9.609999999999999654e-01 6.947836239999999997e+00
9.619999999999999662e-01 7.108611660000000221e+00
9.629999999999999671e-01 6.159955469999999877e+00
9.639999999999999680e-01 8.879471170000000413e+00
9.649999999999999689e-01 4.991580100000000186e+00
9.659999999999999698e-01 6.883481480000000374e+00
9.669999999999999707e-01 7.023104400000000247e+00
9.679999999999999716e-01 8.090037880000000570e+00
9.689999999999999725e-01 6.368410710000000030e+00
9.699999999999999734e-01 6.074523970000000439e+00
9.709999999999999742e-01 7.751638240000000124e+00
9.719999999999999751e-01 6.402326180000000200e+00
9.729999999999999760e-01 6.673811409999999888e+00
9.739999999999999769e-01 6.652799609999999753e+00
9.749999999999999778e-01 4.804862130000000064e+00
9.759999999999999787e-01 6.766584560000000081e+00
9.769999999999999796e-01 7.146337879999999920e+00
9.779999999999999805e-01 7.004870839999999710e+00
9.789999999999999813e-01 6.635518629999999973e+00
9.799999999999999822e-01 6.783590769999999992e+00
9.809999999999999831e-01 5.828984659999999707e+00
9.819999999999999840e-01 6.852028670000000155e+00
9.829999999999999849e-01 6.831532980000000421e+00
9.839999999999999858e-01 4.966397839999999952e+00
9.849999999999999867e-01 8.678786219999999219e+00
9.859999999999999876e-01 6.840741620000000189e+00
9.869999999999999885e-01 6.125562089999999849e+00
9.879999999999999893e-01 7.249522370000000215e+00
9.889999999999999902e-01 7.026457289999999745e+00
9.899999999999999911e-01 5.729491860000000436e+00
9.909999999999999920e-01 5.915386019999999689e+00
9.919999999999999929e-01 6.954422049999999800e+00
9.929999999999999938e-01 5.138649410000000195e+00
9.939999999999999947e-01 6.776165670000000141e+00
9.949999999999999956e-01 5.970480089999999684e+00
9.959999999999999964e-01 5.378373479999999596e+00
9.969999999999999973e-01 4.372669160000000055e+00
9.979999999999999982e-01 7.195210770000000089e+00
9.989999999999999991e-01 5.202793899999999638e+00
1.000000000000000000e+00 6.580082449999999916e+00
