
   0.0000000000000000e+00   5.9893582121856888e+00
   1.0000000000000000e-03   5.9884020414145311e+00
   2.0000000000000000e-03   5.9874498085214514e+00
   3.0000000000000001e-03   5.9865015095705383e+00
   4.0000000000000001e-03   5.9855571406298154e+00
   5.0000000000000001e-03   5.9846166977712389e+00
   6.0000000000000001e-03   5.9836801770706884e+00
   7.0000000000000001e-03   5.9827475746079664e+00
   8.0000000000000002e-03   5.9818188864667921e+00
   8.9999999999999993e-03   5.9808941087348018e+00
   1.0000000000000000e-02   5.9799732375035406e+00
   1.0999999999999999e-02   5.9790562688684599e+00
   1.2000000000000000e-02   5.9781431989289153e+00
   1.2999999999999999e-02   5.9772340237881583e+00
   1.4000000000000000e-02   5.9763287395533391e+00
   1.4999999999999999e-02   5.9754273423354949e+00
   1.6000000000000000e-02   5.9745298282495511e+00
   1.7000000000000001e-02   5.9736361934143183e+00
   1.7999999999999999e-02   5.9727464339524836e+00
   1.9000000000000000e-02   5.9718605459906122e+00
   2.0000000000000000e-02   5.9709785256591363e+00
   2.1000000000000001e-02   5.9701003690923624e+00
   2.1999999999999999e-02   5.9692260724284543e+00
   2.3000000000000000e-02   5.9683556318094393e+00
   2.4000000000000000e-02   5.9674890433811996e+00
   2.5000000000000001e-02   5.9666263032934701e+00
   2.5999999999999999e-02   5.9657674076998344e+00
   2.7000000000000000e-02   5.9649123527577199e+00
   2.8000000000000001e-02   5.9640611346283929e+00
   2.9000000000000001e-02   5.9632137494769619e+00
   2.9999999999999999e-02   5.9623701934723607e+00
   3.1000000000000000e-02   5.9615304627873593e+00
   3.2000000000000001e-02   5.9606945535985494e+00
   3.3000000000000002e-02   5.9598624620863454e+00
   3.4000000000000002e-02   5.9590341844349775e+00
   3.5000000000000003e-02   5.9582097168324921e+00
   3.5999999999999997e-02   5.9573890554707454e+00
   3.6999999999999998e-02   5.9565721965453982e+00
   3.7999999999999999e-02   5.9557591362559137e+00
   3.9000000000000000e-02   5.9549498708055566e+00
   4.0000000000000001e-02   5.9541443964013840e+00
   4.1000000000000002e-02   5.9533427092542439e+00
   4.2000000000000003e-02   5.9525448055787722e+00
   4.2999999999999997e-02   5.9517506815933903e+00
   4.3999999999999997e-02   5.9509603335202961e+00
   4.4999999999999998e-02   5.9501737575854632e+00
   4.5999999999999999e-02   5.9493909500186408e+00
   4.7000000000000000e-02   5.9486119070533423e+00
   4.8000000000000001e-02   5.9478366249268513e+00
   4.9000000000000002e-02   5.9470650998802057e+00
   5.0000000000000003e-02   5.9462973281582050e+00
   5.0999999999999997e-02   5.9455333060094002e+00
   5.1999999999999998e-02   5.9447730296860923e+00
   5.2999999999999999e-02   5.9440164954443278e+00
   5.3999999999999999e-02   5.9432636995438965e+00
   5.5000000000000000e-02   5.9425146382483245e+00
   5.6000000000000001e-02   5.9417693078248739e+00
   5.7000000000000002e-02   5.9410277045445365e+00
   5.8000000000000003e-02   5.9402898246820346e+00
   5.8999999999999997e-02   5.9395556645158099e+00
   5.9999999999999998e-02   5.9388252203280256e+00
   6.0999999999999999e-02   5.9380984884045596e+00
   6.2000000000000000e-02   5.9373754650350055e+00
   6.3000000000000000e-02   5.9366561465126608e+00
   6.4000000000000001e-02   5.9359405291345313e+00
   6.5000000000000002e-02   5.9352286092013218e+00
   6.6000000000000003e-02   5.9345203830174356e+00
   6.7000000000000004e-02   5.9338158468909716e+00
   6.8000000000000005e-02   5.9331149971337140e+00
   6.9000000000000006e-02   5.9324178300611372e+00
   7.0000000000000007e-02   5.9317243419923980e+00
   7.0999999999999994e-02   5.9310345292503310e+00
   7.1999999999999995e-02   5.9303483881614465e+00
   7.2999999999999995e-02   5.9296659150559261e+00
   7.3999999999999996e-02   5.9289871062676198e+00
   7.4999999999999997e-02   5.9283119581340440e+00
   7.5999999999999998e-02   5.9276404669963707e+00
   7.6999999999999999e-02   5.9269726291994331e+00
   7.8000000000000000e-02   5.9263084410917175e+00
   7.9000000000000001e-02   5.9256478990253569e+00
   8.0000000000000002e-02   5.9249909993561349e+00
   8.1000000000000003e-02   5.9243377384434730e+00
   8.2000000000000003e-02   5.9236881126504342e+00
   8.3000000000000004e-02   5.9230421183437141e+00
   8.4000000000000005e-02   5.9223997518936446e+00
   8.5000000000000006e-02   5.9217610096741815e+00
   8.5999999999999993e-02   5.9211258880629032e+00
   8.6999999999999994e-02   5.9204943834410138e+00
   8.7999999999999995e-02   5.9198664921933313e+00
   8.8999999999999996e-02   5.9192422107082869e+00
   8.9999999999999997e-02   5.9186215353779232e+00
   9.0999999999999998e-02   5.9180044625978869e+00
   9.1999999999999998e-02   5.9173909887674299e+00
   9.2999999999999999e-02   5.9167811102893992e+00
   9.4000000000000000e-02   5.9161748235702412e+00
   9.5000000000000001e-02   5.9155721250199917e+00
   9.6000000000000002e-02   5.9149730110522762e+00
   9.7000000000000003e-02   5.9143774780843028e+00
   9.8000000000000004e-02   5.9137855225368616e+00
   9.9000000000000005e-02   5.9131971408343205e+00
   1.0000000000000001e-01   5.9126123294046211e+00
   1.0100000000000001e-01   5.9120310846792758e+00
   1.0199999999999999e-01   5.9114534030933612e+00
   1.0299999999999999e-01   5.9108792810855197e+00
   1.0400000000000000e-01   5.9103087150979530e+00
   1.0500000000000000e-01   5.9097417015764169e+00
   1.0600000000000000e-01   5.9091782369702237e+00
   1.0700000000000000e-01   5.9086183177322287e+00
   1.0800000000000000e-01   5.9080619403188379e+00
   1.0900000000000000e-01   5.9075091011899961e+00
   1.1000000000000000e-01   5.9069597968091863e+00
   1.1100000000000000e-01   5.9064140236434302e+00
   1.1200000000000000e-01   5.9058717781632755e+00
   1.1300000000000000e-01   5.9053330568427995e+00
   1.1400000000000000e-01   5.9047978561596057e+00
   1.1500000000000000e-01   5.9042661725948165e+00
   1.1600000000000001e-01   5.9037380026330704e+00
   1.1700000000000001e-01   5.9032133427625197e+00
   1.1799999999999999e-01   5.9026921894748305e+00
   1.1899999999999999e-01   5.9021745392651699e+00
   1.2000000000000000e-01   5.9016603886322123e+00
   1.2100000000000000e-01   5.9011497340781300e+00
   1.2200000000000000e-01   5.9006425721085911e+00
   1.2300000000000000e-01   5.9001388992327577e+00
   1.2400000000000000e-01   5.8996387119632789e+00
   1.2500000000000000e-01   5.8991420068162910e+00
   1.2600000000000000e-01   5.8986487803114125e+00
   1.2700000000000000e-01   5.8981590289717394e+00
   1.2800000000000000e-01   5.8976727493238439e+00
   1.2900000000000000e-01   5.8971899378977692e+00
   1.3000000000000000e-01   5.8967105912270270e+00
   1.3100000000000001e-01   5.8962347058485953e+00
   1.3200000000000001e-01   5.8957622783029091e+00
   1.3300000000000001e-01   5.8952933051338654e+00
   1.3400000000000001e-01   5.8948277828888145e+00
   1.3500000000000001e-01   5.8943657081185563e+00
   1.3600000000000001e-01   5.8939070773773405e+00
   1.3700000000000001e-01   5.8934518872228585e+00
   1.3800000000000001e-01   5.8930001342162441e+00
   1.3900000000000001e-01   5.8925518149220668e+00
   1.4000000000000001e-01   5.8921069259083296e+00
   1.4099999999999999e-01   5.8916654637464685e+00
   1.4199999999999999e-01   5.8912274250113432e+00
   1.4299999999999999e-01   5.8907928062812385e+00
   1.4399999999999999e-01   5.8903616041378593e+00
   1.4499999999999999e-01   5.8899338151663256e+00
   1.4599999999999999e-01   5.8895094359551727e+00
   1.4699999999999999e-01   5.8890884630963427e+00
   1.4799999999999999e-01   5.8886708931851883e+00
   1.4899999999999999e-01   5.8882567228204605e+00
   1.4999999999999999e-01   5.8878459486043138e+00
   1.5100000000000000e-01   5.8874385671422971e+00
   1.5200000000000000e-01   5.8870345750433497e+00
   1.5300000000000000e-01   5.8866339689198046e+00
   1.5400000000000000e-01   5.8862367453873805e+00
   1.5500000000000000e-01   5.8858429010651729e+00
   1.5600000000000000e-01   5.8854524325756632e+00
   1.5700000000000000e-01   5.8850653365447059e+00
   1.5800000000000000e-01   5.8846816096015289e+00
   1.5900000000000000e-01   5.8843012483787263e+00
   1.6000000000000000e-01   5.8839242495122619e+00
   1.6100000000000000e-01   5.8835506096414587e+00
   1.6200000000000001e-01   5.8831803254089996e+00
   1.6300000000000001e-01   5.8828133934609248e+00
   1.6400000000000001e-01   5.8824498104466265e+00
   1.6500000000000001e-01   5.8820895730188418e+00
   1.6600000000000001e-01   5.8817326778336589e+00
   1.6700000000000001e-01   5.8813791215505038e+00
   1.6800000000000001e-01   5.8810289008321464e+00
   1.6900000000000001e-01   5.8806820123446855e+00
   1.7000000000000001e-01   5.8803384527575577e+00
   1.7100000000000001e-01   5.8799982187435269e+00
   1.7199999999999999e-01   5.8796613069786812e+00
   1.7299999999999999e-01   5.8793277141424323e+00
   1.7399999999999999e-01   5.8789974369175120e+00
   1.7499999999999999e-01   5.8786704719899632e+00
   1.7599999999999999e-01   5.8783468160491470e+00
   1.7699999999999999e-01   5.8780264657877286e+00
   1.7799999999999999e-01   5.8777094179016824e+00
   1.7899999999999999e-01   5.8773956690902818e+00
   1.7999999999999999e-01   5.8770852160561029e+00
   1.8099999999999999e-01   5.8767780555050155e+00
   1.8200000000000000e-01   5.8764741841461818e+00
   1.8300000000000000e-01   5.8761735986920538e+00
   1.8400000000000000e-01   5.8758762958583697e+00
   1.8500000000000000e-01   5.8755822723641487e+00
   1.8600000000000000e-01   5.8752915249316899e+00
   1.8700000000000000e-01   5.8750040502865719e+00
   1.8800000000000000e-01   5.8747198451576406e+00
   1.8900000000000000e-01   5.8744389062770139e+00
   1.9000000000000000e-01   5.8741612303800785e+00
   1.9100000000000000e-01   5.8738868142054805e+00
   1.9200000000000000e-01   5.8736156544951257e+00
   1.9300000000000000e-01   5.8733477479941776e+00
   1.9400000000000001e-01   5.8730830914510550e+00
   1.9500000000000001e-01   5.8728216816174221e+00
   1.9600000000000001e-01   5.8725635152481948e+00
   1.9700000000000001e-01   5.8723085891015279e+00
   1.9800000000000001e-01   5.8720568999388183e+00
   1.9900000000000001e-01   5.8718084445247012e+00
   2.0000000000000001e-01   5.8715632196270438e+00
   2.0100000000000001e-01   5.8713212220169435e+00
   2.0200000000000001e-01   5.8710824484687265e+00
   2.0300000000000001e-01   5.8708468957599438e+00
   2.0399999999999999e-01   5.8706145606713642e+00
   2.0499999999999999e-01   5.8703854399869755e+00
   2.0599999999999999e-01   5.8701595304939813e+00
   2.0699999999999999e-01   5.8699368289827953e+00
   2.0799999999999999e-01   5.8697173322470384e+00
   2.0899999999999999e-01   5.8695010370835368e+00
   2.0999999999999999e-01   5.8692879402923186e+00
   2.1099999999999999e-01   5.8690780386766122e+00
   2.1199999999999999e-01   5.8688713290428360e+00
   2.1299999999999999e-01   5.8686678082006063e+00
   2.1400000000000000e-01   5.8684674729627240e+00
   2.1500000000000000e-01   5.8682703201451769e+00
   2.1600000000000000e-01   5.8680763465671344e+00
   2.1700000000000000e-01   5.8678855490509481e+00
   2.1800000000000000e-01   5.8676979244221439e+00
   2.1900000000000000e-01   5.8675134695094187e+00
   2.2000000000000000e-01   5.8673321811446408e+00
   2.2100000000000000e-01   5.8671540561628461e+00
   2.2200000000000000e-01   5.8669790914022322e+00
   2.2300000000000000e-01   5.8668072837041567e+00
   2.2400000000000000e-01   5.8666386299131368e+00
   2.2500000000000001e-01   5.8664731268768406e+00
   2.2600000000000001e-01   5.8663107714460887e+00
   2.2700000000000001e-01   5.8661515604748491e+00
   2.2800000000000001e-01   5.8659954908202323e+00
   2.2900000000000001e-01   5.8658425593424948e+00
   2.3000000000000001e-01   5.8656927629050255e+00
   2.3100000000000001e-01   5.8655460983743524e+00
   2.3200000000000001e-01   5.8654025626201349e+00
   2.3300000000000001e-01   5.8652621525151583e+00
   2.3400000000000001e-01   5.8651248649353374e+00
   2.3499999999999999e-01   5.8649906967597074e+00
   2.3599999999999999e-01   5.8648596448704229e+00
   2.3699999999999999e-01   5.8647317061527557e+00
   2.3799999999999999e-01   5.8646068774950892e+00
   2.3899999999999999e-01   5.8644851557889197e+00
   2.3999999999999999e-01   5.8643665379288468e+00
   2.4099999999999999e-01   5.8642510208125769e+00
   2.4199999999999999e-01   5.8641386013409162e+00
   2.4299999999999999e-01   5.8640292764177673e+00
   2.4399999999999999e-01   5.8639230429501294e+00
   2.4500000000000000e-01   5.8638198978480922e+00
   2.4600000000000000e-01   5.8637198380248332e+00
   2.4700000000000000e-01   5.8636228603966165e+00
   2.4800000000000000e-01   5.8635289618827864e+00
   2.4900000000000000e-01   5.8634381394057691e+00
   2.5000000000000000e-01   5.8633503898910639e+00
   2.5100000000000000e-01   5.8632657102672461e+00
   2.5200000000000000e-01   5.8631840974659575e+00
   2.5300000000000000e-01   5.8631055484219097e+00
   2.5400000000000000e-01   5.8630300600728757e+00
   2.5500000000000000e-01   5.8629576293596912e+00
   2.5600000000000001e-01   5.8628882532262487e+00
   2.5700000000000001e-01   5.8628219286194945e+00
   2.5800000000000001e-01   5.8627586524894282e+00
   2.5900000000000001e-01   5.8626984217890961e+00
   2.6000000000000001e-01   5.8626412334745908e+00
   2.6100000000000001e-01   5.8625870845050478e+00
   2.6200000000000001e-01   5.8625359718426395e+00
   2.6300000000000001e-01   5.8624878924525783e+00
   2.6400000000000001e-01   5.8624428433031071e+00
   2.6500000000000001e-01   5.8624008213655010e+00
   2.6600000000000001e-01   5.8623618236140596e+00
   2.6700000000000002e-01   5.8623258470261090e+00
   2.6800000000000002e-01   5.8622928885819956e+00
   2.6900000000000002e-01   5.8622629452650852e+00
   2.7000000000000002e-01   5.8622360140617564e+00
   2.7100000000000002e-01   5.8622120919614025e+00
   2.7200000000000002e-01   5.8621911759564229e+00
   2.7300000000000002e-01   5.8621732630422256e+00
   2.7400000000000002e-01   5.8621583502172214e+00
   2.7500000000000002e-01   5.8621464344828196e+00
   2.7600000000000002e-01   5.8621375128434279e+00
   2.7700000000000002e-01   5.8621315823064482e+00
   2.7800000000000002e-01   5.8621286398822736e+00
   2.7900000000000003e-01   5.8621286825842844e+00
   2.8000000000000003e-01   5.8621317074288459e+00
   2.8100000000000003e-01   5.8621377114353059e+00
   2.8199999999999997e-01   5.8621466916259939e+00
   2.8299999999999997e-01   5.8621586450262111e+00
   2.8399999999999997e-01   5.8621735686642342e+00
   2.8499999999999998e-01   5.8621914595713100e+00
   2.8599999999999998e-01   5.8622123147816545e+00
   2.8699999999999998e-01   5.8622361313324429e+00
   2.8799999999999998e-01   5.8622629062638172e+00
   2.8899999999999998e-01   5.8622926366188759e+00
   2.8999999999999998e-01   5.8623253194436717e+00
   2.9099999999999998e-01   5.8623609517872097e+00
   2.9199999999999998e-01   5.8623995307014454e+00
   2.9299999999999998e-01   5.8624410532412838e+00
   2.9399999999999998e-01   5.8624855164645666e+00
   2.9499999999999998e-01   5.8625329174320839e+00
   2.9599999999999999e-01   5.8625832532075561e+00
   2.9699999999999999e-01   5.8626365208576452e+00
   2.9799999999999999e-01   5.8626927174519414e+00
   2.9899999999999999e-01   5.8627518400629643e+00
   2.9999999999999999e-01   5.8628138857661583e+00
   3.0099999999999999e-01   5.8628788516398931e+00
   3.0199999999999999e-01   5.8629467347654600e+00
   3.0299999999999999e-01   5.8630175322270626e+00
   3.0399999999999999e-01   5.8630912411118219e+00
   3.0499999999999999e-01   5.8631678585097715e+00
   3.0599999999999999e-01   5.8632473815138493e+00
   3.0700000000000000e-01   5.8633298072199045e+00
   3.0800000000000000e-01   5.8634151327266837e+00
   3.0900000000000000e-01   5.8635033551358369e+00
   3.1000000000000000e-01   5.8635944715519095e+00
   3.1100000000000000e-01   5.8636884790823407e+00
   3.1200000000000000e-01   5.8637853748374607e+00
   3.1300000000000000e-01   5.8638851559304914e+00
   3.1400000000000000e-01   5.8639878194775328e+00
   3.1500000000000000e-01   5.8640933625975737e+00
   3.1600000000000000e-01   5.8642017824124810e+00
   3.1700000000000000e-01   5.8643130760469973e+00
   3.1800000000000000e-01   5.8644272406287383e+00
   3.1900000000000001e-01   5.8645442732881925e+00
   3.2000000000000001e-01   5.8646641711587169e+00
   3.2100000000000001e-01   5.8647869313765320e+00
   3.2200000000000001e-01   5.8649125510807192e+00
   3.2300000000000001e-01   5.8650410274132234e+00
   3.2400000000000001e-01   5.8651723575188441e+00
   3.2500000000000001e-01   5.8653065385452354e+00
   3.2600000000000001e-01   5.8654435676428989e+00
   3.2700000000000001e-01   5.8655834419651880e+00
   3.2800000000000001e-01   5.8657261586683012e+00
   3.2900000000000001e-01   5.8658717149112771e+00
   3.3000000000000002e-01   5.8660201078559959e+00
   3.3100000000000002e-01   5.8661713346671736e+00
   3.3200000000000002e-01   5.8663253925123602e+00
   3.3300000000000002e-01   5.8664822785619375e+00
   3.3400000000000002e-01   5.8666419899891125e+00
   3.3500000000000002e-01   5.8668045239699227e+00
   3.3600000000000002e-01   5.8669698776832231e+00
   3.3700000000000002e-01   5.8671380483106912e+00
   3.3800000000000002e-01   5.8673090330368209e+00
   3.3900000000000002e-01   5.8674828290489209e+00
   3.4000000000000002e-01   5.8676594335371082e+00
   3.4100000000000003e-01   5.8678388436943134e+00
   3.4200000000000003e-01   5.8680210567162687e+00
   3.4300000000000003e-01   5.8682060698015093e+00
   3.4399999999999997e-01   5.8683938801513715e+00
   3.4499999999999997e-01   5.8685844849699906e+00
   3.4599999999999997e-01   5.8687778814642932e+00
   3.4699999999999998e-01   5.8689740668439985e+00
   3.4799999999999998e-01   5.8691730383216179e+00
   3.4899999999999998e-01   5.8693747931124429e+00
   3.4999999999999998e-01   5.8695793284345532e+00
   3.5099999999999998e-01   5.8697866415088065e+00
   3.5199999999999998e-01   5.8699967295588387e+00
   3.5299999999999998e-01   5.8702095898110631e+00
   3.5399999999999998e-01   5.8704252194946598e+00
   3.5499999999999998e-01   5.8706436158415851e+00
   3.5599999999999998e-01   5.8708647760865578e+00
   3.5699999999999998e-01   5.8710886974670586e+00
   3.5799999999999998e-01   5.8713153772233362e+00
   3.5899999999999999e-01   5.8715448125983905e+00
   3.5999999999999999e-01   5.8717770008379802e+00
   3.6099999999999999e-01   5.8720119391906191e+00
   3.6199999999999999e-01   5.8722496249075657e+00
   3.6299999999999999e-01   5.8724900552428316e+00
   3.6399999999999999e-01   5.8727332274531694e+00
   3.6499999999999999e-01   5.8729791387980743e+00
   3.6599999999999999e-01   5.8732277865397799e+00
   3.6699999999999999e-01   5.8734791679432581e+00
   3.6799999999999999e-01   5.8737332802762134e+00
   3.6899999999999999e-01   5.8739901208090819e+00
   3.7000000000000000e-01   5.8742496868150269e+00
   3.7100000000000000e-01   5.8745119755699378e+00
   3.7200000000000000e-01   5.8747769843524260e+00
   3.7300000000000000e-01   5.8750447104438237e+00
   3.7400000000000000e-01   5.8753151511281807e+00
   3.7500000000000000e-01   5.8755883036922594e+00
   3.7600000000000000e-01   5.8758641654255372e+00
   3.7700000000000000e-01   5.8761427336201990e+00
   3.7800000000000000e-01   5.8764240055711348e+00
   3.7900000000000000e-01   5.8767079785759408e+00
   3.8000000000000000e-01   5.8769946499349137e+00
   3.8100000000000001e-01   5.8772840169510463e+00
   3.8200000000000001e-01   5.8775760769300307e+00
   3.8300000000000001e-01   5.8778708271802493e+00
   3.8400000000000001e-01   5.8781682650127749e+00
   3.8500000000000001e-01   5.8784683877413695e+00
   3.8600000000000001e-01   5.8787711926824793e+00
   3.8700000000000001e-01   5.8790766771552310e+00
   3.8800000000000001e-01   5.8793848384814336e+00
   3.8900000000000001e-01   5.8796956739855712e+00
   3.9000000000000001e-01   5.8800091809948016e+00
   3.9100000000000001e-01   5.8803253568389566e+00
   3.9200000000000002e-01   5.8806441988505345e+00
   3.9300000000000002e-01   5.8809657043647006e+00
   3.9400000000000002e-01   5.8812898707192840e+00
   3.9500000000000002e-01   5.8816166952547730e+00
   3.9600000000000002e-01   5.8819461753143161e+00
   3.9700000000000002e-01   5.8822783082437162e+00
   3.9800000000000002e-01   5.8826130913914314e+00
   3.9900000000000002e-01   5.8829505221085654e+00
   4.0000000000000002e-01   5.8832905977488732e+00
   4.0100000000000002e-01   5.8836333156687548e+00
   4.0200000000000002e-01   5.8839786732272490e+00
   4.0300000000000002e-01   5.8843266677860386e+00
   4.0400000000000003e-01   5.8846772967094401e+00
   4.0500000000000003e-01   5.8850305573644057e+00
   4.0600000000000003e-01   5.8853864471205206e+00
   4.0699999999999997e-01   5.8857449633499961e+00
   4.0799999999999997e-01   5.8861061034276725e+00
   4.0899999999999997e-01   5.8864698647310130e+00
   4.0999999999999998e-01   5.8868362446401026e+00
   4.1099999999999998e-01   5.8872052405376429e+00
   4.1199999999999998e-01   5.8875768498089540e+00
   4.1299999999999998e-01   5.8879510698419679e+00
   4.1399999999999998e-01   5.8883278980272298e+00
   4.1499999999999998e-01   5.8887073317578889e+00
   4.1599999999999998e-01   5.8890893684297021e+00
   4.1699999999999998e-01   5.8894740054410306e+00
   4.1799999999999998e-01   5.8898612401928343e+00
   4.1899999999999998e-01   5.8902510700886710e+00
   4.1999999999999998e-01   5.8906434925346929e+00
   4.2099999999999999e-01   5.8910385049396474e+00
   4.2199999999999999e-01   5.8914361047148684e+00
   4.2299999999999999e-01   5.8918362892742788e+00
   4.2399999999999999e-01   5.8922390560343896e+00
   4.2499999999999999e-01   5.8926444024142874e+00
   4.2599999999999999e-01   5.8930523258356420e+00
   4.2699999999999999e-01   5.8934628237227011e+00
   4.2799999999999999e-01   5.8938758935022859e+00
   4.2899999999999999e-01   5.8942915326037886e+00
   4.2999999999999999e-01   5.8947097384591718e+00
   4.3099999999999999e-01   5.8951305085029659e+00
   4.3200000000000000e-01   5.8955538401722620e+00
   4.3300000000000000e-01   5.8959797309067170e+00
   4.3400000000000000e-01   5.8964081781485422e+00
   4.3500000000000000e-01   5.8968391793425106e+00
   4.3600000000000000e-01   5.8972727319359448e+00
   4.3700000000000000e-01   5.8977088333787222e+00
   4.3800000000000000e-01   5.8981474811232664e+00
   4.3900000000000000e-01   5.8985886726245491e+00
   4.4000000000000000e-01   5.8990324053400842e+00
   4.4100000000000000e-01   5.8994786767299283e+00
   4.4200000000000000e-01   5.8999274842566756e+00
   4.4300000000000000e-01   5.9003788253854568e+00
   4.4400000000000001e-01   5.9008326975839367e+00
   4.4500000000000001e-01   5.9012890983223096e+00
   4.4600000000000001e-01   5.9017480250733012e+00
   4.4700000000000001e-01   5.9022094753121603e+00
   4.4800000000000001e-01   5.9026734465166610e+00
   4.4900000000000001e-01   5.9031399361670971e+00
   4.5000000000000001e-01   5.9036089417462811e+00
   4.5100000000000001e-01   5.9040804607395430e+00
   4.5200000000000001e-01   5.9045544906347240e+00
   4.5300000000000001e-01   5.9050310289221777e+00
   4.5400000000000001e-01   5.9055100730947654e+00
   4.5500000000000002e-01   5.9059916206478551e+00
   4.5600000000000002e-01   5.9064756690793168e+00
   4.5700000000000002e-01   5.9069622158895232e+00
   4.5800000000000002e-01   5.9074512585813430e+00
   4.5900000000000002e-01   5.9079427946601424e+00
   4.6000000000000002e-01   5.9084368216337806e+00
   4.6100000000000002e-01   5.9089333370126091e+00
   4.6200000000000002e-01   5.9094323383094647e+00
   4.6300000000000002e-01   5.9099338230396743e+00
   4.6400000000000002e-01   5.9104377887210431e+00
   4.6500000000000002e-01   5.9109442328738613e+00
   4.6600000000000003e-01   5.9114531530208954e+00
   4.6700000000000003e-01   5.9119645466873916e+00
   4.6800000000000003e-01   5.9124784114010627e+00
   4.6899999999999997e-01   5.9129947446920994e+00
   4.6999999999999997e-01   5.9135135440931581e+00
   4.7099999999999997e-01   5.9140348071393607e+00
   4.7199999999999998e-01   5.9145585313682947e+00
   4.7299999999999998e-01   5.9150847143200043e+00
   4.7399999999999998e-01   5.9156133535369992e+00
   4.7499999999999998e-01   5.9161444465642399e+00
   4.7599999999999998e-01   5.9166779909491432e+00
   4.7699999999999998e-01   5.9172139842415774e+00
   4.7799999999999998e-01   5.9177524239938570e+00
   4.7899999999999998e-01   5.9182933077607469e+00
   4.7999999999999998e-01   5.9188366330994544e+00
   4.8099999999999998e-01   5.9193823975696258e+00
   4.8199999999999998e-01   5.9199305987333508e+00
   4.8299999999999998e-01   5.9204812341551527e+00
   4.8399999999999999e-01   5.9210343014019919e+00
   4.8499999999999999e-01   5.9215897980432572e+00
   4.8599999999999999e-01   5.9221477216507683e+00
   4.8699999999999999e-01   5.9227080697987722e+00
   4.8799999999999999e-01   5.9232708400639407e+00
   4.8899999999999999e-01   5.9238360300253676e+00
   4.8999999999999999e-01   5.9244036372645663e+00
   4.9099999999999999e-01   5.9249736593654649e+00
   4.9199999999999999e-01   5.9255460939144129e+00
   4.9299999999999999e-01   5.9261209385001639e+00
   4.9399999999999999e-01   5.9266981907138891e+00
   4.9500000000000000e-01   5.9272778481491608e+00
   4.9600000000000000e-01   5.9278599084019614e+00
   4.9700000000000000e-01   5.9284443690706752e+00
   4.9800000000000000e-01   5.9290312277560835e+00
   4.9900000000000000e-01   5.9296204820613703e+00
   5.0000000000000000e-01   5.9302121295921140e+00
   5.0100000000000000e-01   5.9308061679562831e+00
   5.0200000000000000e-01   5.9314025947642399e+00
   5.0300000000000000e-01   5.9320014076287340e+00
   5.0400000000000000e-01   5.9326026041649023e+00
   5.0500000000000000e-01   5.9332061819902648e+00
   5.0600000000000001e-01   5.9338121387247220e+00
   5.0700000000000001e-01   5.9344204719905544e+00
   5.0800000000000001e-01   5.9350311794124178e+00
   5.0900000000000001e-01   5.9356442586173443e+00
   5.1000000000000001e-01   5.9362597072347327e+00
   5.1100000000000001e-01   5.9368775228963591e+00
   5.1200000000000001e-01   5.9374977032363594e+00
   5.1300000000000001e-01   5.9381202458912394e+00
   5.1400000000000001e-01   5.9387451484998639e+00
   5.1500000000000001e-01   5.9393724087034583e+00
   5.1600000000000001e-01   5.9400020241456071e+00
   5.1700000000000002e-01   5.9406339924722484e+00
   5.1800000000000002e-01   5.9412683113316724e+00
   5.1900000000000002e-01   5.9419049783745237e+00
   5.2000000000000002e-01   5.9425439912537907e+00
   5.2100000000000002e-01   5.9431853476248104e+00
   5.2200000000000002e-01   5.9438290451452627e+00
   5.2300000000000002e-01   5.9444750814751686e+00
   5.2400000000000002e-01   5.9451234542768869e+00
   5.2500000000000002e-01   5.9457741612151125e+00
   5.2600000000000002e-01   5.9464271999568767e+00
   5.2700000000000002e-01   5.9470825681715418e+00
   5.2800000000000002e-01   5.9477402635307985e+00
   5.2900000000000003e-01   5.9484002837086667e+00
   5.3000000000000003e-01   5.9490626263814894e+00
   5.3100000000000003e-01   5.9497272892279316e+00
   5.3200000000000003e-01   5.9503942699289798e+00
   5.3300000000000003e-01   5.9510635661679387e+00
   5.3400000000000003e-01   5.9517351756304260e+00
   5.3500000000000003e-01   5.9524090960043754e+00
   5.3600000000000003e-01   5.9530853249800302e+00
   5.3700000000000003e-01   5.9537638602499445e+00
   5.3800000000000003e-01   5.9544446995089757e+00
   5.3900000000000003e-01   5.9551278404542849e+00
   5.4000000000000004e-01   5.9558132807853372e+00
   5.4100000000000004e-01   5.9565010182038955e+00
   5.4200000000000004e-01   5.9571910504140213e+00
   5.4300000000000004e-01   5.9578833751220710e+00
   5.4400000000000004e-01   5.9585779900366918e+00
   5.4500000000000004e-01   5.9592748928688204e+00
   5.4600000000000004e-01   5.9599740813316844e+00
   5.4700000000000004e-01   5.9606755531407956e+00
   5.4800000000000004e-01   5.9613793060139475e+00
   5.4900000000000004e-01   5.9620853376712173e+00
   5.5000000000000004e-01   5.9627936458349602e+00
   5.5100000000000005e-01   5.9635042282298087e+00
   5.5200000000000005e-01   5.9642170825826648e+00
   5.5300000000000005e-01   5.9649322066227093e+00
   5.5400000000000005e-01   5.9656495980813888e+00
   5.5500000000000005e-01   5.9663692546924167e+00
   5.5600000000000005e-01   5.9670911741917738e+00
   5.5700000000000005e-01   5.9678153543177039e+00
   5.5800000000000005e-01   5.9685417928107078e+00
   5.5900000000000005e-01   5.9692704874135512e+00
   5.6000000000000005e-01   5.9700014358712474e+00
   5.6100000000000005e-01   5.9707346359310707e+00
   5.6200000000000006e-01   5.9714700853425438e+00
   5.6299999999999994e-01   5.9722077818574402e+00
   5.6399999999999995e-01   5.9729477232297778e+00
   5.6499999999999995e-01   5.9736899072158227e+00
   5.6599999999999995e-01   5.9744343315740815e+00
   5.6699999999999995e-01   5.9751809940653020e+00
   5.6799999999999995e-01   5.9759298924524700e+00
   5.6899999999999995e-01   5.9766810245008077e+00
   5.6999999999999995e-01   5.9774343879777687e+00
   5.7099999999999995e-01   5.9781899806530419e+00
   5.7199999999999995e-01   5.9789478002985419e+00
   5.7299999999999995e-01   5.9797078446884111e+00
   5.7399999999999995e-01   5.9804701115990184e+00
   5.7499999999999996e-01   5.9812345988089533e+00
   5.7599999999999996e-01   5.9820013040990254e+00
   5.7699999999999996e-01   5.9827702252522652e+00
   5.7799999999999996e-01   5.9835413600539162e+00
   5.7899999999999996e-01   5.9843147062914355e+00
   5.7999999999999996e-01   5.9850902617544941e+00
   5.8099999999999996e-01   5.9858680242349696e+00
   5.8199999999999996e-01   5.9866479915269482e+00
   5.8299999999999996e-01   5.9874301614267207e+00
   5.8399999999999996e-01   5.9882145317327797e+00
   5.8499999999999996e-01   5.9890011002458188e+00
   5.8599999999999997e-01   5.9897898647687295e+00
   5.8699999999999997e-01   5.9905808231066011e+00
   5.8799999999999997e-01   5.9913739730667128e+00
   5.8899999999999997e-01   5.9921693124585396e+00
   5.8999999999999997e-01   5.9929668390937429e+00
   5.9099999999999997e-01   5.9937665507861739e+00
   5.9199999999999997e-01   5.9945684453518666e+00
   5.9299999999999997e-01   5.9953725206090400e+00
   5.9399999999999997e-01   5.9961787743780910e+00
   5.9499999999999997e-01   5.9969872044815968e+00
   5.9599999999999997e-01   5.9977978087443118e+00
   5.9699999999999998e-01   5.9986105849931626e+00
   5.9799999999999998e-01   5.9994255310572502e+00
   5.9899999999999998e-01   6.0002426447678427e+00
   5.9999999999999998e-01   6.0010619239583765e+00
   6.0099999999999998e-01   6.0018833664644546e+00
   6.0199999999999998e-01   6.0027069701238434e+00
   6.0299999999999998e-01   6.0035327327764687e+00
   6.0399999999999998e-01   6.0043606522644168e+00
   6.0499999999999998e-01   6.0051907264319304e+00
   6.0599999999999998e-01   6.0060229531254077e+00
   6.0699999999999998e-01   6.0068573301933981e+00
   6.0799999999999998e-01   6.0076938554866022e+00
   6.0899999999999999e-01   6.0085325268578673e+00
   6.0999999999999999e-01   6.0093733421621893e+00
   6.1099999999999999e-01   6.0102162992567063e+00
   6.1199999999999999e-01   6.0110613960006987e+00
   6.1299999999999999e-01   6.0119086302555864e+00
   6.1399999999999999e-01   6.0127579998849274e+00
   6.1499999999999999e-01   6.0136095027544147e+00
   6.1599999999999999e-01   6.0144631367318730e+00
   6.1699999999999999e-01   6.0153188996872604e+00
   6.1799999999999999e-01   6.0161767894926630e+00
   6.1899999999999999e-01   6.0170368040222941e+00
   6.2000000000000000e-01   6.0178989411524917e+00
   6.2100000000000000e-01   6.0187631987617163e+00
   6.2200000000000000e-01   6.0196295747305477e+00
   6.2300000000000000e-01   6.0204980669416859e+00
   6.2400000000000000e-01   6.0213686732799463e+00
   6.2500000000000000e-01   6.0222413916322575e+00
   6.2600000000000000e-01   6.0231162198876618e+00
   6.2700000000000000e-01   6.0239931559373119e+00
   6.2800000000000000e-01   6.0248721976744672e+00
   6.2900000000000000e-01   6.0257533429944896e+00
   6.3000000000000000e-01   6.0266365897948511e+00
   6.3100000000000001e-01   6.0275219359751189e+00
   6.3200000000000001e-01   6.0284093794369644e+00
   6.3300000000000001e-01   6.0292989180841534e+00
   6.3400000000000001e-01   6.0301905498225494e+00
   6.3500000000000001e-01   6.0310842725601050e+00
   6.3600000000000001e-01   6.0319800842068680e+00
   6.3700000000000001e-01   6.0328779826749717e+00
   6.3800000000000001e-01   6.0337779658786399e+00
   6.3900000000000001e-01   6.0346800317341778e+00
   6.4000000000000001e-01   6.0355841781599739e+00
   6.4100000000000001e-01   6.0364904030764990e+00
   6.4200000000000002e-01   6.0373987044063000e+00
   6.4300000000000002e-01   6.0383090800740042e+00
   6.4400000000000002e-01   6.0392215280063066e+00
   6.4500000000000002e-01   6.0401360461319822e+00
   6.4600000000000002e-01   6.0410526323818701e+00
   6.4700000000000002e-01   6.0419712846888798e+00
   6.4800000000000002e-01   6.0428920009879876e+00
   6.4900000000000002e-01   6.0438147792162322e+00
   6.5000000000000002e-01   6.0447396173127173e+00
   6.5100000000000002e-01   6.0456665132186025e+00
   6.5200000000000002e-01   6.0465954648771065e+00
   6.5300000000000002e-01   6.0475264702335050e+00
   6.5400000000000003e-01   6.0484595272351260e+00
   6.5500000000000003e-01   6.0493946338313513e+00
   6.5600000000000003e-01   6.0503317879736089e+00
   6.5700000000000003e-01   6.0512709876153767e+00
   6.5800000000000003e-01   6.0522122307121791e+00
   6.5900000000000003e-01   6.0531555152215804e+00
   6.6000000000000003e-01   6.0541008391031896e+00
   6.6100000000000003e-01   6.0550482003186534e+00
   6.6200000000000003e-01   6.0559975968316557e+00
   6.6300000000000003e-01   6.0569490266079171e+00
   6.6400000000000003e-01   6.0579024876151912e+00
   6.6500000000000004e-01   6.0588579778232621e+00
   6.6600000000000004e-01   6.0598154952039405e+00
   6.6700000000000004e-01   6.0607750377310712e+00
   6.6800000000000004e-01   6.0617366033805169e+00
   6.6900000000000004e-01   6.0627001901301671e+00
   6.7000000000000004e-01   6.0636657959599329e+00
   6.7100000000000004e-01   6.0646334188517432e+00
   6.7200000000000004e-01   6.0656030567895431e+00
   6.7300000000000004e-01   6.0665747077592940e+00
   6.7400000000000004e-01   6.0675483697489714e+00
   6.7500000000000004e-01   6.0685240407485601e+00
   6.7600000000000005e-01   6.0695017187500540e+00
   6.7700000000000005e-01   6.0704814017474540e+00
   6.7800000000000005e-01   6.0714630877367668e+00
   6.7900000000000005e-01   6.0724467747160009e+00
   6.8000000000000005e-01   6.0734324606851677e+00
   6.8100000000000005e-01   6.0744201436462761e+00
   6.8200000000000005e-01   6.0754098216033317e+00
   6.8300000000000005e-01   6.0764014925623364e+00
   6.8400000000000005e-01   6.0773951545312839e+00
   6.8500000000000005e-01   6.0783908055201596e+00
   6.8600000000000005e-01   6.0793884435409380e+00
   6.8700000000000006e-01   6.0803880666075800e+00
   6.8799999999999994e-01   6.0813896727360328e+00
   6.8899999999999995e-01   6.0823932599442250e+00
   6.8999999999999995e-01   6.0833988262520666e+00
   6.9099999999999995e-01   6.0844063696814485e+00
   6.9199999999999995e-01   6.0854158882562368e+00
   6.9299999999999995e-01   6.0864273800022737e+00
   6.9399999999999995e-01   6.0874408429473723e+00
   6.9499999999999995e-01   6.0884562751213211e+00
   6.9599999999999995e-01   6.0894736745558742e+00
   6.9699999999999995e-01   6.0904930392847554e+00
   6.9799999999999995e-01   6.0915143673436525e+00
   6.9899999999999995e-01   6.0925376567702152e+00
   6.9999999999999996e-01   6.0935629056040579e+00
   7.0099999999999996e-01   6.0945901118867516e+00
   7.0199999999999996e-01   6.0956192736618267e+00
   7.0299999999999996e-01   6.0966503889747683e+00
   7.0399999999999996e-01   6.0976834558730140e+00
   7.0499999999999996e-01   6.0987184724059551e+00
   7.0599999999999996e-01   6.0997554366249309e+00
   7.0699999999999996e-01   6.1007943465832284e+00
   7.0799999999999996e-01   6.1018352003360832e+00
   7.0899999999999996e-01   6.1028779959406689e+00
   7.0999999999999996e-01   6.1039227314561053e+00
   7.1099999999999997e-01   6.1049694049434526e+00
   7.1199999999999997e-01   6.1060180144657075e+00
   7.1299999999999997e-01   6.1070685580878017e+00
   7.1399999999999997e-01   6.1081210338766017e+00
   7.1499999999999997e-01   6.1091754399009073e+00
   7.1599999999999997e-01   6.1102317742314476e+00
   7.1699999999999997e-01   6.1112900349408807e+00
   7.1799999999999997e-01   6.1123502201037905e+00
   7.1899999999999997e-01   6.1134123277966843e+00
   7.1999999999999997e-01   6.1144763560979944e+00
   7.2099999999999997e-01   6.1155423030880716e+00
   7.2199999999999998e-01   6.1166101668491866e+00
   7.2299999999999998e-01   6.1176799454655271e+00
   7.2399999999999998e-01   6.1187516370231938e+00
   7.2499999999999998e-01   6.1198252396102015e+00
   7.2599999999999998e-01   6.1209007513164773e+00
   7.2699999999999998e-01   6.1219781702338540e+00
   7.2799999999999998e-01   6.1230574944560754e+00
   7.2899999999999998e-01   6.1241387220787891e+00
   7.2999999999999998e-01   6.1252218511995453e+00
   7.3099999999999998e-01   6.1263068799177969e+00
   7.3199999999999998e-01   6.1273938063348954e+00
   7.3299999999999998e-01   6.1284826285540905e+00
   7.3399999999999999e-01   6.1295733446805283e+00
   7.3499999999999999e-01   6.1306659528212473e+00
   7.3599999999999999e-01   6.1317604510851798e+00
   7.3699999999999999e-01   6.1328568375831471e+00
   7.3799999999999999e-01   6.1339551104278591e+00
   7.3899999999999999e-01   6.1350552677339119e+00
   7.3999999999999999e-01   6.1361573076177844e+00
   7.4099999999999999e-01   6.1372612281978434e+00
   7.4199999999999999e-01   6.1383670275943292e+00
   7.4299999999999999e-01   6.1394747039293653e+00
   7.4399999999999999e-01   6.1405842553269530e+00
   7.4500000000000000e-01   6.1416956799129645e+00
   7.4600000000000000e-01   6.1428089758151492e+00
   7.4700000000000000e-01   6.1439241411631267e+00
   7.4800000000000000e-01   6.1450411740883837e+00
   7.4900000000000000e-01   6.1461600727242782e+00
   7.5000000000000000e-01   6.1472808352060317e+00
   7.5100000000000000e-01   6.1484034596707300e+00
   7.5200000000000000e-01   6.1495279442573212e+00
   7.5300000000000000e-01   6.1506542871066117e+00
   7.5400000000000000e-01   6.1517824863612685e+00
   7.5500000000000000e-01   6.1529125401658140e+00
   7.5600000000000001e-01   6.1540444466666262e+00
   7.5700000000000001e-01   6.1551782040119338e+00
   7.5800000000000001e-01   6.1563138103518176e+00
   7.5900000000000001e-01   6.1574512638382064e+00
   7.6000000000000001e-01   6.1585905626248785e+00
   7.6100000000000001e-01   6.1597317048674558e+00
   7.6200000000000001e-01   6.1608746887234025e+00
   7.6300000000000001e-01   6.1620195123520265e+00
   7.6400000000000001e-01   6.1631661739144761e+00
   7.6500000000000001e-01   6.1643146715737336e+00
   7.6600000000000001e-01   6.1654650034946208e+00
   7.6700000000000002e-01   6.1666171678437953e+00
   7.6800000000000002e-01   6.1677711627897409e+00
   7.6900000000000002e-01   6.1689269865027780e+00
   7.7000000000000002e-01   6.1700846371550533e+00
   7.7100000000000002e-01   6.1712441129205411e+00
   7.7200000000000002e-01   6.1724054119750384e+00
   7.7300000000000002e-01   6.1735685324961702e+00
   7.7400000000000002e-01   6.1747334726633785e+00
   7.7500000000000002e-01   6.1759002306579287e+00
   7.7600000000000002e-01   6.1770688046628992e+00
   7.7700000000000002e-01   6.1782391928631899e+00
   7.7800000000000002e-01   6.1794113934455108e+00
   7.7900000000000003e-01   6.1805854045983857e+00
   7.8000000000000003e-01   6.1817612245121500e+00
   7.8100000000000003e-01   6.1829388513789461e+00
   7.8200000000000003e-01   6.1841182833927260e+00
   7.8300000000000003e-01   6.1852995187492423e+00
   7.8400000000000003e-01   6.1864825556460543e+00
   7.8500000000000003e-01   6.1876673922825232e+00
   7.8600000000000003e-01   6.1888540268598096e+00
   7.8700000000000003e-01   6.1900424575808684e+00
   7.8800000000000003e-01   6.1912326826504556e+00
   7.8900000000000003e-01   6.1924247002751187e+00
   7.9000000000000004e-01   6.1936185086632003e+00
   7.9100000000000004e-01   6.1948141060248298e+00
   7.9200000000000004e-01   6.1960114905719301e+00
   7.9300000000000004e-01   6.1972106605182073e+00
   7.9400000000000004e-01   6.1984116140791556e+00
   7.9500000000000004e-01   6.1996143494720508e+00
   7.9600000000000004e-01   6.2008188649159521e+00
   7.9700000000000004e-01   6.2020251586316997e+00
   7.9800000000000004e-01   6.2032332288419090e+00
   7.9900000000000004e-01   6.2044430737709728e+00
   8.0000000000000004e-01   6.2056546916450603e+00
   8.0100000000000005e-01   6.2068680806921144e+00
   8.0200000000000005e-01   6.2080832391418435e+00
   8.0300000000000005e-01   6.2093001652257325e+00
   8.0400000000000005e-01   6.2105188571770285e+00
   8.0500000000000005e-01   6.2117393132307495e+00
   8.0600000000000005e-01   6.2129615316236722e+00
   8.0700000000000005e-01   6.2141855105943389e+00
   8.0800000000000005e-01   6.2154112483830533e+00
   8.0900000000000005e-01   6.2166387432318757e+00
   8.1000000000000005e-01   6.2178679933846235e+00
   8.1100000000000005e-01   6.2190989970868706e+00
   8.1200000000000006e-01   6.2203317525859454e+00
   8.1299999999999994e-01   6.2215662581309230e+00
   8.1399999999999995e-01   6.2228025119726365e+00
   8.1499999999999995e-01   6.2240405123636595e+00
   8.1599999999999995e-01   6.2252802575583184e+00
   8.1699999999999995e-01   6.2265217458126791e+00
   8.1799999999999995e-01   6.2277649753845568e+00
   8.1899999999999995e-01   6.2290099445335008e+00
   8.1999999999999995e-01   6.2302566515208042e+00
   8.2099999999999995e-01   6.2315050946094992e+00
   8.2199999999999995e-01   6.2327552720643498e+00
   8.2299999999999995e-01   6.2340071821518581e+00
   8.2399999999999995e-01   6.2352608231402566e+00
   8.2499999999999996e-01   6.2365161932995115e+00
   8.2599999999999996e-01   6.2377732909013135e+00
   8.2699999999999996e-01   6.2390321142190857e+00
   8.2799999999999996e-01   6.2402926615279739e+00
   8.2899999999999996e-01   6.2415549311048490e+00
   8.2999999999999996e-01   6.2428189212283023e+00
   8.3099999999999996e-01   6.2440846301786497e+00
   8.3199999999999996e-01   6.2453520562379214e+00
   8.3299999999999996e-01   6.2466211976898682e+00
   8.3399999999999996e-01   6.2478920528199531e+00
   8.3499999999999996e-01   6.2491646199153568e+00
   8.3599999999999997e-01   6.2504388972649672e+00
   8.3699999999999997e-01   6.2517148831593872e+00
   8.3799999999999997e-01   6.2529925758909242e+00
   8.3899999999999997e-01   6.2542719737535952e+00
   8.3999999999999997e-01   6.2555530750431210e+00
   8.4099999999999997e-01   6.2568358780569255e+00
   8.4199999999999997e-01   6.2581203810941375e+00
   8.4299999999999997e-01   6.2594065824555809e+00
   8.4399999999999997e-01   6.2606944804437816e+00
   8.4499999999999997e-01   6.2619840733629593e+00
   8.4599999999999997e-01   6.2632753595190316e+00
   8.4699999999999998e-01   6.2645683372196075e+00
   8.4799999999999998e-01   6.2658630047739896e+00
   8.4899999999999998e-01   6.2671593604931655e+00
   8.4999999999999998e-01   6.2684574026898163e+00
   8.5099999999999998e-01   6.2697571296783075e+00
   8.5199999999999998e-01   6.2710585397746881e+00
   8.5299999999999998e-01   6.2723616312966923e+00
   8.5399999999999998e-01   6.2736664025637356e+00
   8.5499999999999998e-01   6.2749728518969121e+00
   8.5599999999999998e-01   6.2762809776189936e+00
   8.5699999999999998e-01   6.2775907780544298e+00
   8.5799999999999998e-01   6.2789022515293444e+00
   8.5899999999999999e-01   6.2802153963715348e+00
   8.5999999999999999e-01   6.2815302109104687e+00
   8.6099999999999999e-01   6.2828466934772829e+00
   8.6199999999999999e-01   6.2841648424047838e+00
   8.6299999999999999e-01   6.2854846560274451e+00
   8.6399999999999999e-01   6.2868061326814022e+00
   8.6499999999999999e-01   6.2881292707044540e+00
   8.6599999999999999e-01   6.2894540684360640e+00
   8.6699999999999999e-01   6.2907805242173520e+00
   8.6799999999999999e-01   6.2921086363910979e+00
   8.6899999999999999e-01   6.2934384033017361e+00
   8.7000000000000000e-01   6.2947698232953577e+00
   8.7100000000000000e-01   6.2961028947197057e+00
   8.7200000000000000e-01   6.2974376159241743e+00
   8.7300000000000000e-01   6.2987739852598086e+00
   8.7400000000000000e-01   6.3001120010793024e+00
   8.7500000000000000e-01   6.3014516617369924e+00
   8.7600000000000000e-01   6.3027929655888641e+00
   8.7700000000000000e-01   6.3041359109925441e+00
   8.7800000000000000e-01   6.3054804963073012e+00
   8.7900000000000000e-01   6.3068267198940440e+00
   8.8000000000000000e-01   6.3081745801153186e+00
   8.8100000000000001e-01   6.3095240753353101e+00
   8.8200000000000001e-01   6.3108752039198359e+00
   8.8300000000000001e-01   6.3122279642363477e+00
   8.8400000000000001e-01   6.3135823546539296e+00
   8.8500000000000001e-01   6.3149383735432956e+00
   8.8600000000000001e-01   6.3162960192767885e+00
   8.8700000000000001e-01   6.3176552902283749e+00
   8.8800000000000001e-01   6.3190161847736528e+00
   8.8900000000000001e-01   6.3203787012898358e+00
   8.9000000000000001e-01   6.3217428381557657e+00
   8.9100000000000001e-01   6.3231085937519032e+00
   8.9200000000000002e-01   6.3244759664603274e+00
   8.9300000000000002e-01   6.3258449546647322e+00
   8.9400000000000002e-01   6.3272155567504313e+00
   8.9500000000000002e-01   6.3285877711043490e+00
   8.9600000000000002e-01   6.3299615961150222e+00
   8.9700000000000002e-01   6.3313370301726009e+00
   8.9800000000000002e-01   6.3327140716688417e+00
   8.9900000000000002e-01   6.3340927189971090e+00
   9.0000000000000002e-01   6.3354729705523738e+00
   9.0100000000000002e-01   6.3368548247312120e+00
   9.0200000000000002e-01   6.3382382799317991e+00
   9.0300000000000002e-01   6.3396233345539157e+00
   9.0400000000000003e-01   6.3410099869989374e+00
   9.0500000000000003e-01   6.3423982356698412e+00
   9.0600000000000003e-01   6.3437880789711993e+00
   9.0700000000000003e-01   6.3451795153091783e+00
   9.0800000000000003e-01   6.3465725430915372e+00
   9.0900000000000003e-01   6.3479671607276265e+00
   9.1000000000000003e-01   6.3493633666283884e+00
   9.1100000000000003e-01   6.3507611592063515e+00
   9.1200000000000003e-01   6.3521605368756324e+00
   9.1300000000000003e-01   6.3535614980519313e+00
   9.1400000000000003e-01   6.3549640411525328e+00
   9.1500000000000004e-01   6.3563681645963035e+00
   9.1600000000000004e-01   6.3577738668036901e+00
   9.1700000000000004e-01   6.3591811461967183e+00
   9.1800000000000004e-01   6.3605900011989904e+00
   9.1900000000000004e-01   6.3620004302356845e+00
   9.2000000000000004e-01   6.3634124317335532e+00
   9.2100000000000004e-01   6.3648260041209213e+00
   9.2200000000000004e-01   6.3662411458276855e+00
   9.2300000000000004e-01   6.3676578552853096e+00
   9.2400000000000004e-01   6.3690761309268256e+00
   9.2500000000000004e-01   6.3704959711868341e+00
   9.2600000000000005e-01   6.3719173745014972e+00
   9.2700000000000005e-01   6.3733403393085428e+00
   9.2800000000000005e-01   6.3747648640472585e+00
   9.2900000000000005e-01   6.3761909471584923e+00
   9.3000000000000005e-01   6.3776185870846502e+00
   9.3100000000000005e-01   6.3790477822696969e+00
   9.3200000000000005e-01   6.3804785311591488e+00
   9.3300000000000005e-01   6.3819108322000808e+00
   9.3400000000000005e-01   6.3833446838411145e+00
   9.3500000000000005e-01   6.3847800845324256e+00
   9.3600000000000005e-01   6.3862170327257379e+00
   9.3700000000000006e-01   6.3876555268743251e+00
   9.3799999999999994e-01   6.3890955654330011e+00
   9.3899999999999995e-01   6.3905371468581311e+00
   9.3999999999999995e-01   6.3919802696076182e+00
   9.4099999999999995e-01   6.3934249321409080e+00
   9.4199999999999995e-01   6.3948711329189862e+00
   9.4299999999999995e-01   6.3963188704043787e+00
   9.4399999999999995e-01   6.3977681430611444e+00
   9.4499999999999995e-01   6.3992189493548803e+00
   9.4599999999999995e-01   6.4006712877527150e+00
   9.4699999999999995e-01   6.4021251567233115e+00
   9.4799999999999995e-01   6.4035805547368625e+00
   9.4899999999999995e-01   6.4050374802650865e+00
   9.4999999999999996e-01   6.4064959317812367e+00
   9.5099999999999996e-01   6.4079559077600834e+00
   9.5199999999999996e-01   6.4094174066779281e+00
   9.5299999999999996e-01   6.4108804270125921e+00
   9.5399999999999996e-01   6.4123449672434214e+00
   9.5499999999999996e-01   6.4138110258512766e+00
   9.5599999999999996e-01   6.4152786013185406e+00
   9.5699999999999996e-01   6.4167476921291122e+00
   9.5799999999999996e-01   6.4182182967684067e+00
   9.5899999999999996e-01   6.4196904137233499e+00
   9.5999999999999996e-01   6.4211640414823838e+00
   9.6099999999999997e-01   6.4226391785354586e+00
   9.6199999999999997e-01   6.4241158233740352e+00
   9.6299999999999997e-01   6.4255939744910808e+00
   9.6399999999999997e-01   6.4270736303810718e+00
   9.6499999999999997e-01   6.4285547895399855e+00
   9.6599999999999997e-01   6.4300374504653046e+00
   9.6699999999999997e-01   6.4315216116560130e+00
   9.6799999999999997e-01   6.4330072716125972e+00
   9.6899999999999997e-01   6.4344944288370387e+00
   9.6999999999999997e-01   6.4359830818328181e+00
   9.7099999999999997e-01   6.4374732291049117e+00
   9.7199999999999998e-01   6.4389648691597907e+00
   9.7299999999999998e-01   6.4404580005054175e+00
   9.7399999999999998e-01   6.4419526216512484e+00
   9.7499999999999998e-01   6.4434487311082265e+00
   9.7599999999999998e-01   6.4449463273887844e+00
   9.7699999999999998e-01   6.4464454090068424e+00
   9.7799999999999998e-01   6.4479459744778058e+00
   9.7899999999999998e-01   6.4494480223185615e+00
   9.7999999999999998e-01   6.4509515510474840e+00
   9.8099999999999998e-01   6.4524565591844221e+00
   9.8199999999999998e-01   6.4539630452507080e+00
   9.8299999999999998e-01   6.4554710077691517e+00
   9.8399999999999999e-01   6.4569804452640405e+00
   9.8499999999999999e-01   6.4584913562611312e+00
   9.8599999999999999e-01   6.4600037392876608e+00
   9.8699999999999999e-01   6.4615175928723358e+00
   9.8799999999999999e-01   6.4630329155453321e+00
   9.8899999999999999e-01   6.4645497058382961e+00
   9.8999999999999999e-01   6.4660679622843418e+00
   9.9099999999999999e-01   6.4675876834180475e+00
   9.9199999999999999e-01   6.4691088677754589e+00
   9.9299999999999999e-01   6.4706315138940846e+00
   9.9399999999999999e-01   6.4721556203128916e+00
   9.9500000000000000e-01   6.4736811855723122e+00
   9.9600000000000000e-01   6.4752082082142337e+00
   9.9700000000000000e-01   6.4767366867820009e+00
   9.9800000000000000e-01   6.4782666198204168e+00
   9.9900000000000000e-01   6.4797980058757387e+00
   1.0000000000000000e+00   6.4813308434956749e+00
