
   0.0000000000000000e+00   6.0000126499933168e+00
   1.0000000000000000e-03   5.9990145856499364e+00
   2.0000000000000000e-03   5.9980205174610770e+00
   3.0000000000000001e-03   5.9970304414325808e+00
   4.0000000000000001e-03   5.9960443535742840e+00
   5.0000000000000001e-03   5.9950622499000090e+00
   6.0000000000000001e-03   5.9940841264275626e+00
   7.0000000000000001e-03   5.9931099791787341e+00
   8.0000000000000002e-03   5.9921398041792866e+00
   8.9999999999999993e-03   5.9911735974589551e+00
   1.0000000000000000e-02   5.9902113550514446e+00
   1.0999999999999999e-02   5.9892530729944253e+00
   1.2000000000000000e-02   5.9882987473295248e+00
   1.2999999999999999e-02   5.9873483741023277e+00
   1.4000000000000000e-02   5.9864019493623735e+00
   1.4999999999999999e-02   5.9854594691631480e+00
   1.6000000000000000e-02   5.9845209295620823e+00
   1.7000000000000001e-02   5.9835863266205465e+00
   1.7999999999999999e-02   5.9826556564038507e+00
   1.9000000000000000e-02   5.9817289149812343e+00
   2.0000000000000000e-02   5.9808060984258677e+00
   2.1000000000000001e-02   5.9798872028148455e+00
   2.1999999999999999e-02   5.9789722242291825e+00
   2.3000000000000000e-02   5.9780611587538122e+00
   2.4000000000000000e-02   5.9771540024775796e+00
   2.5000000000000001e-02   5.9762507514932386e+00
   2.5999999999999999e-02   5.9753514018974512e+00
   2.7000000000000000e-02   5.9744559497907774e+00
   2.8000000000000001e-02   5.9735643912776766e+00
   2.9000000000000001e-02   5.9726767224665025e+00
   2.9999999999999999e-02   5.9717929394694957e+00
   3.1000000000000000e-02   5.9709130384027844e+00
   3.2000000000000001e-02   5.9700370153863807e+00
   3.3000000000000002e-02   5.9691648665441708e+00
   3.4000000000000002e-02   5.9682965880039163e+00
   3.5000000000000003e-02   5.9674321758972511e+00
   3.5999999999999997e-02   5.9665716263596744e+00
   3.6999999999999998e-02   5.9657149355305474e+00
   3.7999999999999999e-02   5.9648620995530894e+00
   3.9000000000000000e-02   5.9640131145743762e+00
   4.0000000000000001e-02   5.9631679767453338e+00
   4.1000000000000002e-02   5.9623266822207368e+00
   4.2000000000000003e-02   5.9614892271592002e+00
   4.2999999999999997e-02   5.9606556077231794e+00
   4.3999999999999997e-02   5.9598258200789687e+00
   4.4999999999999998e-02   5.9589998603966894e+00
   4.5999999999999999e-02   5.9581777248502927e+00
   4.7000000000000000e-02   5.9573594096175562e+00
   4.8000000000000001e-02   5.9565449108800728e+00
   4.9000000000000002e-02   5.9557342248232583e+00
   5.0000000000000003e-02   5.9549273476363354e+00
   5.0999999999999997e-02   5.9541242755123385e+00
   5.1999999999999998e-02   5.9533250046481054e+00
   5.2999999999999999e-02   5.9525295312442790e+00
   5.3999999999999999e-02   5.9517378515052952e+00
   5.5000000000000000e-02   5.9509499616393855e+00
   5.6000000000000001e-02   5.9501658578585719e+00
   5.7000000000000002e-02   5.9493855363786610e+00
   5.8000000000000003e-02   5.9486089934192421e+00
   5.8999999999999997e-02   5.9478362252036847e+00
   5.9999999999999998e-02   5.9470672279591303e+00
   6.0999999999999999e-02   5.9463019979164935e+00
   6.2000000000000000e-02   5.9455405313104546e+00
   6.3000000000000000e-02   5.9447828243794589e+00
   6.4000000000000001e-02   5.9440288733657107e+00
   6.5000000000000002e-02   5.9432786745151693e+00
   6.6000000000000003e-02   5.9425322240775476e+00
   6.7000000000000004e-02   5.9417895183063063e+00
   6.8000000000000005e-02   5.9410505534586493e+00
   6.9000000000000006e-02   5.9403153257955248e+00
   7.0000000000000007e-02   5.9395838315816150e+00
   7.0999999999999994e-02   5.9388560670853376e+00
   7.1999999999999995e-02   5.9381320285788384e+00
   7.2999999999999995e-02   5.9374117123379904e+00
   7.3999999999999996e-02   5.9366951146423883e+00
   7.4999999999999997e-02   5.9359822317753466e+00
   7.5999999999999998e-02   5.9352730600238921e+00
   7.6999999999999999e-02   5.9345675956787636e+00
   7.8000000000000000e-02   5.9338658350344105e+00
   7.9000000000000001e-02   5.9331677743889806e+00
   8.0000000000000002e-02   5.9324734100443255e+00
   8.1000000000000003e-02   5.9317827383059925e+00
   8.2000000000000003e-02   5.9310957554832200e+00
   8.3000000000000004e-02   5.9304124578889361e+00
   8.4000000000000005e-02   5.9297328418397566e+00
   8.5000000000000006e-02   5.9290569036559733e+00
   8.5999999999999993e-02   5.9283846396615605e+00
   8.6999999999999994e-02   5.9277160461841660e+00
   8.7999999999999995e-02   5.9270511195551068e+00
   8.8999999999999996e-02   5.9263898561093669e+00
   8.9999999999999997e-02   5.9257322521855951e+00
   9.0999999999999998e-02   5.9250783041260977e+00
   9.1999999999999998e-02   5.9244280082768386e+00
   9.2999999999999999e-02   5.9237813609874319e+00
   9.4000000000000000e-02   5.9231383586111424e+00
   9.5000000000000001e-02   5.9224989975048778e+00
   9.6000000000000002e-02   5.9218632740291905e+00
   9.7000000000000003e-02   5.9212311845482652e+00
   9.8000000000000004e-02   5.9206027254299238e+00
   9.9000000000000005e-02   5.9199778930456199e+00
   1.0000000000000001e-01   5.9193566837704310e+00
   1.0100000000000001e-01   5.9187390939830617e+00
   1.0199999999999999e-01   5.9181251200658291e+00
   1.0299999999999999e-01   5.9175147584046730e+00
   1.0400000000000000e-01   5.9169080053891410e+00
   1.0500000000000000e-01   5.9163048574123938e+00
   1.0600000000000000e-01   5.9157053108711928e+00
   1.0700000000000000e-01   5.9151093621659028e+00
   1.0800000000000000e-01   5.9145170077004874e+00
   1.0900000000000000e-01   5.9139282438825003e+00
   1.1000000000000000e-01   5.9133430671230922e+00
   1.1100000000000000e-01   5.9127614738369960e+00
   1.1200000000000000e-01   5.9121834604425283e+00
   1.1300000000000000e-01   5.9116090233615886e+00
   1.1400000000000000e-01   5.9110381590196504e+00
   1.1500000000000000e-01   5.9104708638457595e+00
   1.1600000000000001e-01   5.9099071342725349e+00
   1.1700000000000001e-01   5.9093469667361536e+00
   1.1799999999999999e-01   5.9087903576763630e+00
   1.1899999999999999e-01   5.9082373035364633e+00
   1.2000000000000000e-01   5.9076878007633109e+00
   1.2100000000000000e-01   5.9071418458073168e+00
   1.2200000000000000e-01   5.9065994351224349e+00
   1.2300000000000000e-01   5.9060605651661664e+00
   1.2400000000000000e-01   5.9055252323995511e+00
   1.2500000000000000e-01   5.9049934332871699e+00
   1.2600000000000000e-01   5.9044651642971324e+00
   1.2700000000000000e-01   5.9039404219010825e+00
   1.2800000000000000e-01   5.9034192025741881e+00
   1.2900000000000000e-01   5.9029015027951406e+00
   1.3000000000000000e-01   5.9023873190461522e+00
   1.3100000000000001e-01   5.9018766478129496e+00
   1.3200000000000001e-01   5.9013694855847731e+00
   1.3300000000000001e-01   5.9008658288543723e+00
   1.3400000000000001e-01   5.9003656741179995e+00
   1.3500000000000001e-01   5.8998690178754138e+00
   1.3600000000000001e-01   5.8993758566298675e+00
   1.3700000000000001e-01   5.8988861868881113e+00
   1.3800000000000001e-01   5.8984000051603882e+00
   1.3900000000000001e-01   5.8979173079604248e+00
   1.4000000000000001e-01   5.8974380918054381e+00
   1.4099999999999999e-01   5.8969623532161197e+00
   1.4199999999999999e-01   5.8964900887166456e+00
   1.4299999999999999e-01   5.8960212948346600e+00
   1.4399999999999999e-01   5.8955559681012808e+00
   1.4499999999999999e-01   5.8950941050510925e+00
   1.4599999999999999e-01   5.8946357022221427e+00
   1.4699999999999999e-01   5.8941807561559401e+00
   1.4799999999999999e-01   5.8937292633974510e+00
   1.4899999999999999e-01   5.8932812204950915e+00
   1.4999999999999999e-01   5.8928366240007310e+00
   1.5100000000000000e-01   5.8923954704696841e+00
   1.5200000000000000e-01   5.8919577564607080e+00
   1.5300000000000000e-01   5.8915234785360004e+00
   1.5400000000000000e-01   5.8910926332611950e+00
   1.5500000000000000e-01   5.8906652172053553e+00
   1.5600000000000000e-01   5.8902412269409794e+00
   1.5700000000000000e-01   5.8898206590439859e+00
   1.5800000000000000e-01   5.8894035100937181e+00
   1.5900000000000000e-01   5.8889897766729398e+00
   1.6000000000000000e-01   5.8885794553678279e+00
   1.6100000000000000e-01   5.8881725427679719e+00
   1.6200000000000001e-01   5.8877690354663708e+00
   1.6300000000000001e-01   5.8873689300594272e+00
   1.6400000000000001e-01   5.8869722231469499e+00
   1.6500000000000001e-01   5.8865789113321387e+00
   1.6600000000000001e-01   5.8861889912215961e+00
   1.6700000000000001e-01   5.8858024594253129e+00
   1.6800000000000001e-01   5.8854193125566674e+00
   1.6900000000000001e-01   5.8850395472324246e+00
   1.7000000000000001e-01   5.8846631600727299e+00
   1.7100000000000001e-01   5.8842901477011065e+00
   1.7199999999999999e-01   5.8839205067444542e+00
   1.7299999999999999e-01   5.8835542338330438e+00
   1.7399999999999999e-01   5.8831913256005119e+00
   1.7499999999999999e-01   5.8828317786838626e+00
   1.7599999999999999e-01   5.8824755897234597e+00
   1.7699999999999999e-01   5.8821227553630244e+00
   1.7799999999999999e-01   5.8817732722496361e+00
   1.7899999999999999e-01   5.8814271370337199e+00
   1.7999999999999999e-01   5.8810843463690539e+00
   1.8099999999999999e-01   5.8807448969127574e+00
   1.8200000000000000e-01   5.8804087853252920e+00
   1.8300000000000000e-01   5.8800760082704571e+00
   1.8400000000000000e-01   5.8797465624153880e+00
   1.8500000000000000e-01   5.8794204444305489e+00
   1.8600000000000000e-01   5.8790976509897330e+00
   1.8700000000000000e-01   5.8787781787700597e+00
   1.8800000000000000e-01   5.8784620244519648e+00
   1.8900000000000000e-01   5.8781491847192084e+00
   1.9000000000000000e-01   5.8778396562588595e+00
   1.9100000000000000e-01   5.8775334357613014e+00
   1.9200000000000000e-01   5.8772305199202250e+00
   1.9300000000000000e-01   5.8769309054326264e+00
   1.9400000000000001e-01   5.8766345889988010e+00
   1.9500000000000001e-01   5.8763415673223429e+00
   1.9600000000000001e-01   5.8760518371101433e+00
   1.9700000000000001e-01   5.8757653950723823e+00
   1.9800000000000001e-01   5.8754822379225295e+00
   1.9900000000000001e-01   5.8752023623773377e+00
   2.0000000000000001e-01   5.8749257651568438e+00
   2.0100000000000001e-01   5.8746524429843614e+00
   2.0200000000000001e-01   5.8743823925864778e+00
   2.0300000000000001e-01   5.8741156106930568e+00
   2.0399999999999999e-01   5.8738520940372254e+00
   2.0499999999999999e-01   5.8735918393553783e+00
   2.0599999999999999e-01   5.8733348433871733e+00
   2.0699999999999999e-01   5.8730811028755241e+00
   2.0799999999999999e-01   5.8728306145666025e+00
   2.0899999999999999e-01   5.8725833752098300e+00
   2.0999999999999999e-01   5.8723393815578788e+00
   2.1099999999999999e-01   5.8720986303666676e+00
   2.1199999999999999e-01   5.8718611183953549e+00
   2.1299999999999999e-01   5.8716268424063403e+00
   2.1400000000000000e-01   5.8713957991652599e+00
   2.1500000000000000e-01   5.8711679854409802e+00
   2.1600000000000000e-01   5.8709433980055987e+00
   2.1700000000000000e-01   5.8707220336344399e+00
   2.1800000000000000e-01   5.8705038891060504e+00
   2.1900000000000000e-01   5.8702889612021965e+00
   2.2000000000000000e-01   5.8700772467078615e+00
   2.2100000000000000e-01   5.8698687424112421e+00
   2.2200000000000000e-01   5.8696634451037459e+00
   2.2300000000000000e-01   5.8694613515799858e+00
   2.2400000000000000e-01   5.8692624586377793e+00
   2.2500000000000001e-01   5.8690667630781457e+00
   2.2600000000000001e-01   5.8688742617052991e+00
   2.2700000000000001e-01   5.8686849513266504e+00
   2.2800000000000001e-01   5.8684988287528004e+00
   2.2900000000000001e-01   5.8683158907975361e+00
   2.3000000000000001e-01   5.8681361342778331e+00
   2.3100000000000001e-01   5.8679595560138438e+00
   2.3200000000000001e-01   5.8677861528289030e+00
   2.3300000000000001e-01   5.8676159215495174e+00
   2.3400000000000001e-01   5.8674488590053668e+00
   2.3499999999999999e-01   5.8672849620293004e+00
   2.3599999999999999e-01   5.8671242274573325e+00
   2.3699999999999999e-01   5.8669666521286397e+00
   2.3799999999999999e-01   5.8668122328855565e+00
   2.3899999999999999e-01   5.8666609665735763e+00
   2.3999999999999999e-01   5.8665128500413442e+00
   2.4099999999999999e-01   5.8663678801406531e+00
   2.4199999999999999e-01   5.8662260537264448e+00
   2.4299999999999999e-01   5.8660873676568048e+00
   2.4399999999999999e-01   5.8659518187929587e+00
   2.4500000000000000e-01   5.8658194039992670e+00
   2.4600000000000000e-01   5.8656901201432277e+00
   2.4700000000000000e-01   5.8655639640954664e+00
   2.4800000000000000e-01   5.8654409327297401e+00
   2.4900000000000000e-01   5.8653210229229273e+00
   2.5000000000000000e-01   5.8652042315550297e+00
   2.5100000000000000e-01   5.8650905555091661e+00
   2.5200000000000000e-01   5.8649799916715732e+00
   2.5300000000000000e-01   5.8648725369315988e+00
   2.5400000000000000e-01   5.8647681881816975e+00
   2.5500000000000000e-01   5.8646669423174327e+00
   2.5600000000000001e-01   5.8645687962374691e+00
   2.5700000000000001e-01   5.8644737468435721e+00
   2.5800000000000001e-01   5.8643817910406035e+00
   2.5900000000000001e-01   5.8642929257365175e+00
   2.6000000000000001e-01   5.8642071478423627e+00
   2.6100000000000001e-01   5.8641244542722699e+00
   2.6200000000000001e-01   5.8640448419434570e+00
   2.6300000000000001e-01   5.8639683077762239e+00
   2.6400000000000001e-01   5.8638948486939473e+00
   2.6500000000000001e-01   5.8638244616230786e+00
   2.6600000000000001e-01   5.8637571434931424e+00
   2.6700000000000002e-01   5.8636928912367310e+00
   2.6800000000000002e-01   5.8636317017895045e+00
   2.6900000000000002e-01   5.8635735720901838e+00
   2.7000000000000002e-01   5.8635184990805511e+00
   2.7100000000000002e-01   5.8634664797054441e+00
   2.7200000000000002e-01   5.8634175109127540e+00
   2.7300000000000002e-01   5.8633715896534238e+00
   2.7400000000000002e-01   5.8633287128814420e+00
   2.7500000000000002e-01   5.8632888775538454e+00
   2.7600000000000002e-01   5.8632520806307085e+00
   2.7700000000000002e-01   5.8632183190751466e+00
   2.7800000000000002e-01   5.8631875898533075e+00
   2.7900000000000003e-01   5.8631598899343746e+00
   2.8000000000000003e-01   5.8631352162905577e+00
   2.8100000000000003e-01   5.8631135658970956e+00
   2.8199999999999997e-01   5.8630949357322493e+00
   2.8299999999999997e-01   5.8630793227772990e+00
   2.8399999999999997e-01   5.8630667240165426e+00
   2.8499999999999998e-01   5.8630571364372930e+00
   2.8599999999999998e-01   5.8630505570298741e+00
   2.8699999999999998e-01   5.8630469827876164e+00
   2.8799999999999998e-01   5.8630464107068585e+00
   2.8899999999999998e-01   5.8630488377869385e+00
   2.8999999999999998e-01   5.8630542610301948e+00
   2.9099999999999998e-01   5.8630626774419632e+00
   2.9199999999999998e-01   5.8630740840305684e+00
   2.9299999999999998e-01   5.8630884778073300e+00
   2.9399999999999998e-01   5.8631058557865527e+00
   2.9499999999999998e-01   5.8631262149855257e+00
   2.9599999999999999e-01   5.8631495524245185e+00
   2.9699999999999999e-01   5.8631758651267809e+00
   2.9799999999999999e-01   5.8632051501185369e+00
   2.9899999999999999e-01   5.8632374044289826e+00
   2.9999999999999999e-01   5.8632726250902811e+00
   3.0099999999999999e-01   5.8633108091375670e+00
   3.0199999999999999e-01   5.8633519536089356e+00
   3.0299999999999999e-01   5.8633960555454401e+00
   3.0399999999999999e-01   5.8634431119910948e+00
   3.0499999999999999e-01   5.8634931199928690e+00
   3.0599999999999999e-01   5.8635460766006791e+00
   3.0700000000000000e-01   5.8636019788673943e+00
   3.0800000000000000e-01   5.8636608238488286e+00
   3.0900000000000000e-01   5.8637226086037364e+00
   3.1000000000000000e-01   5.8637873301938157e+00
   3.1100000000000000e-01   5.8638549856836981e+00
   3.1200000000000000e-01   5.8639255721409498e+00
   3.1300000000000000e-01   5.8639990866360696e+00
   3.1400000000000000e-01   5.8640755262424822e+00
   3.1500000000000000e-01   5.8641548880365395e+00
   3.1600000000000000e-01   5.8642371690975121e+00
   3.1700000000000000e-01   5.8643223665075954e+00
   3.1800000000000000e-01   5.8644104773518961e+00
   3.1900000000000001e-01   5.8645014987184361e+00
   3.2000000000000001e-01   5.8645954276981485e+00
   3.2100000000000001e-01   5.8646922613848744e+00
   3.2200000000000001e-01   5.8647919968753559e+00
   3.2300000000000001e-01   5.8648946312692427e+00
   3.2400000000000001e-01   5.8650001616690783e+00
   3.2500000000000001e-01   5.8651085851803053e+00
   3.2600000000000001e-01   5.8652198989112581e+00
   3.2700000000000001e-01   5.8653340999731611e+00
   3.2800000000000001e-01   5.8654511854801274e+00
   3.2900000000000001e-01   5.8655711525491530e+00
   3.3000000000000002e-01   5.8656939983001166e+00
   3.3100000000000002e-01   5.8658197198557751e+00
   3.3200000000000002e-01   5.8659483143417610e+00
   3.3300000000000002e-01   5.8660797788865793e+00
   3.3400000000000002e-01   5.8662141106216072e+00
   3.3500000000000002e-01   5.8663513066810866e+00
   3.3600000000000002e-01   5.8664913642021252e+00
   3.3700000000000002e-01   5.8666342803246909e+00
   3.3800000000000002e-01   5.8667800521916131e+00
   3.3900000000000002e-01   5.8669286769485725e+00
   3.4000000000000002e-01   5.8670801517441049e+00
   3.4100000000000003e-01   5.8672344737295985e+00
   3.4200000000000003e-01   5.8673916400592852e+00
   3.4300000000000003e-01   5.8675516478902416e+00
   3.4399999999999997e-01   5.8677144943823887e+00
   3.4499999999999997e-01   5.8678801766984812e+00
   3.4599999999999997e-01   5.8680486920041162e+00
   3.4699999999999998e-01   5.8682200374677178e+00
   3.4799999999999998e-01   5.8683942102605435e+00
   3.4899999999999998e-01   5.8685712075566769e+00
   3.4999999999999998e-01   5.8687510265330269e+00
   3.5099999999999998e-01   5.8689336643693233e+00
   3.5199999999999998e-01   5.8691191182481148e+00
   3.5299999999999998e-01   5.8693073853547677e+00
   3.5399999999999998e-01   5.8694984628774582e+00
   3.5499999999999998e-01   5.8696923480071774e+00
   3.5599999999999998e-01   5.8698890379377193e+00
   3.5699999999999998e-01   5.8700885298656864e+00
   3.5799999999999998e-01   5.8702908209904825e+00
   3.5899999999999999e-01   5.8704959085143082e+00
   3.5999999999999999e-01   5.8707037896421630e+00
   3.6099999999999999e-01   5.8709144615818394e+00
   3.6199999999999999e-01   5.8711279215439207e+00
   3.6299999999999999e-01   5.8713441667417765e+00
   3.6399999999999999e-01   5.8715631943915660e+00
   3.6499999999999999e-01   5.8717850017122251e+00
   3.6599999999999999e-01   5.8720095859254737e+00
   3.6699999999999999e-01   5.8722369442558069e+00
   3.6799999999999999e-01   5.8724670739304941e+00
   3.6899999999999999e-01   5.8726999721795776e+00
   3.7000000000000000e-01   5.8729356362358658e+00
   3.7100000000000000e-01   5.8731740633349325e+00
   3.7200000000000000e-01   5.8734152507151176e+00
   3.7300000000000000e-01   5.8736591956175186e+00
   3.7400000000000000e-01   5.8739058952859935e+00
   3.7500000000000000e-01   5.8741553469671519e+00
   3.7600000000000000e-01   5.8744075479103559e+00
   3.7700000000000000e-01   5.8746624953677191e+00
   3.7800000000000000e-01   5.8749201865940996e+00
   3.7900000000000000e-01   5.8751806188470992e+00
   3.8000000000000000e-01   5.8754437893870621e+00
   3.8100000000000001e-01   5.8757096954770702e+00
   3.8200000000000001e-01   5.8759783343829390e+00
   3.8300000000000001e-01   5.8762497033732206e+00
   3.8400000000000001e-01   5.8765237997191946e+00
   3.8500000000000001e-01   5.8768006206948691e+00
   3.8600000000000001e-01   5.8770801635769754e+00
   3.8700000000000001e-01   5.8773624256449670e+00
   3.8800000000000001e-01   5.8776474041810181e+00
   3.8900000000000001e-01   5.8779350964700186e+00
   3.9000000000000001e-01   5.8782254997995711e+00
   3.9100000000000001e-01   5.8785186114599917e+00
   3.9200000000000002e-01   5.8788144287443007e+00
   3.9300000000000002e-01   5.8791129489482294e+00
   3.9400000000000002e-01   5.8794141693702073e+00
   3.9500000000000002e-01   5.8797180873113666e+00
   3.9600000000000002e-01   5.8800247000755359e+00
   3.9700000000000002e-01   5.8803340049692405e+00
   3.9800000000000002e-01   5.8806459993016951e+00
   3.9900000000000002e-01   5.8809606803848054e+00
   4.0000000000000002e-01   5.8812780455331648e+00
   4.0100000000000002e-01   5.8815980920640474e+00
   4.0200000000000002e-01   5.8819208172974138e+00
   4.0300000000000002e-01   5.8822462185558981e+00
   4.0400000000000003e-01   5.8825742931648151e+00
   4.0500000000000003e-01   5.8829050384521473e+00
   4.0600000000000003e-01   5.8832384517485536e+00
   4.0699999999999997e-01   5.8835745303873583e+00
   4.0799999999999997e-01   5.8839132717045501e+00
   4.0899999999999997e-01   5.8842546730387824e+00
   4.0999999999999998e-01   5.8845987317313675e+00
   4.1099999999999998e-01   5.8849454451262764e+00
   4.1199999999999998e-01   5.8852948105701319e+00
   4.1299999999999998e-01   5.8856468254122110e+00
   4.1399999999999998e-01   5.8860014870044406e+00
   4.1499999999999998e-01   5.8863587927013930e+00
   4.1599999999999998e-01   5.8867187398602852e+00
   4.1699999999999998e-01   5.8870813258409758e+00
   4.1799999999999998e-01   5.8874465480059603e+00
   4.1899999999999998e-01   5.8878144037203741e+00
   4.1999999999999998e-01   5.8881848903519831e+00
   4.2099999999999999e-01   5.8885580052711859e+00
   4.2199999999999999e-01   5.8889337458510074e+00
   4.2299999999999999e-01   5.8893121094670997e+00
   4.2399999999999999e-01   5.8896930934977387e+00
   4.2499999999999999e-01   5.8900766953238186e+00
   4.2599999999999999e-01   5.8904629123288537e+00
   4.2699999999999999e-01   5.8908517418989703e+00
   4.2799999999999999e-01   5.8912431814229098e+00
   4.2899999999999999e-01   5.8916372282920237e+00
   4.2999999999999999e-01   5.8920338799002696e+00
   4.3099999999999999e-01   5.8924331336442108e+00
   4.3200000000000000e-01   5.8928349869230106e+00
   4.3300000000000000e-01   5.8932394371384351e+00
   4.3400000000000000e-01   5.8936464816948444e+00
   4.3500000000000000e-01   5.8940561179991970e+00
   4.3600000000000000e-01   5.8944683434610372e+00
   4.3700000000000000e-01   5.8948831554925025e+00
   4.3800000000000000e-01   5.8953005515083170e+00
   4.3900000000000000e-01   5.8957205289257875e+00
   4.4000000000000000e-01   5.8961430851648027e+00
   4.4100000000000000e-01   5.8965682176478298e+00
   4.4200000000000000e-01   5.8969959237999126e+00
   4.4300000000000000e-01   5.8974262010486687e+00
   4.4400000000000001e-01   5.8978590468242853e+00
   4.4500000000000001e-01   5.8982944585595209e+00
   4.4600000000000001e-01   5.8987324336896982e+00
   4.4700000000000001e-01   5.8991729696527031e+00
   4.4800000000000001e-01   5.8996160638889830e+00
   4.4900000000000001e-01   5.9000617138415423e+00
   4.5000000000000001e-01   5.9005099169559436e+00
   4.5100000000000001e-01   5.9009606706803011e+00
   4.5200000000000001e-01   5.9014139724652797e+00
   4.5300000000000001e-01   5.9018698197640909e+00
   4.5400000000000001e-01   5.9023282100324943e+00
   4.5500000000000002e-01   5.9027891407287925e+00
   4.5600000000000002e-01   5.9032526093138245e+00
   4.5700000000000002e-01   5.9037186132509731e+00
   4.5800000000000002e-01   5.9041871500061518e+00
   4.5900000000000002e-01   5.9046582170478086e+00
   4.6000000000000002e-01   5.9051318118469229e+00
   4.6100000000000002e-01   5.9056079318770003e+00
   4.6200000000000002e-01   5.9060865746140703e+00
   4.6300000000000002e-01   5.9065677375366885e+00
   4.6400000000000002e-01   5.9070514181259295e+00
   4.6500000000000002e-01   5.9075376138653830e+00
   4.6600000000000003e-01   5.9080263222411578e+00
   4.6700000000000003e-01   5.9085175407418724e+00
   4.6800000000000003e-01   5.9090112668586574e+00
   4.6899999999999997e-01   5.9095074980851496e+00
   4.6999999999999997e-01   5.9100062319174924e+00
   4.7099999999999997e-01   5.9105074658543302e+00
   4.7199999999999998e-01   5.9110111973968067e+00
   4.7299999999999998e-01   5.9115174240485651e+00
   4.7399999999999998e-01   5.9120261433157459e+00
   4.7499999999999998e-01   5.9125373527069769e+00
   4.7599999999999998e-01   5.9130510497333795e+00
   4.7699999999999998e-01   5.9135672319085621e+00
   4.7799999999999998e-01   5.9140858967486176e+00
   4.7899999999999998e-01   5.9146070417721219e+00
   4.7999999999999998e-01   5.9151306645001327e+00
   4.8099999999999998e-01   5.9156567624561820e+00
   4.8199999999999998e-01   5.9161853331662808e+00
   4.8299999999999998e-01   5.9167163741589093e+00
   4.8399999999999999e-01   5.9172498829650211e+00
   4.8499999999999999e-01   5.9177858571180355e+00
   4.8599999999999999e-01   5.9183242941538374e+00
   4.8699999999999999e-01   5.9188651916107755e+00
   4.8799999999999999e-01   5.9194085470296596e+00
   4.8899999999999999e-01   5.9199543579537544e+00
   4.8999999999999999e-01   5.9205026219287831e+00
   4.9099999999999999e-01   5.9210533365029212e+00
   4.9199999999999999e-01   5.9216064992267938e+00
   4.9299999999999999e-01   5.9221621076534747e+00
   4.9399999999999999e-01   5.9227201593384837e+00
   4.9500000000000000e-01   5.9232806518397840e+00
   4.9600000000000000e-01   5.9238435827177796e+00
   4.9700000000000000e-01   5.9244089495353123e+00
   4.9800000000000000e-01   5.9249767498576595e+00
   4.9900000000000000e-01   5.9255469812525332e+00
   5.0000000000000000e-01   5.9261196412900761e+00
   5.0100000000000000e-01   5.9266947275428592e+00
   5.0200000000000000e-01   5.9272722375858802e+00
   5.0300000000000000e-01   5.9278521689965604e+00
   5.0400000000000000e-01   5.9284345193547425e+00
   5.0500000000000000e-01   5.9290192862426876e+00
   5.0600000000000001e-01   5.9296064672450743e+00
   5.0700000000000001e-01   5.9301960599489938e+00
   5.0800000000000001e-01   5.9307880619439519e+00
   5.0900000000000001e-01   5.9313824708218599e+00
   5.1000000000000001e-01   5.9319792841770393e+00
   5.1100000000000001e-01   5.9325784996062136e+00
   5.1200000000000001e-01   5.9331801147085095e+00
   5.1300000000000001e-01   5.9337841270854543e+00
   5.1400000000000001e-01   5.9343905343409720e+00
   5.1500000000000001e-01   5.9349993340813789e+00
   5.1600000000000001e-01   5.9356105239153871e+00
   5.1700000000000002e-01   5.9362241014540977e+00
   5.1800000000000002e-01   5.9368400643109993e+00
   5.1900000000000002e-01   5.9374584101019670e+00
   5.2000000000000002e-01   5.9380791364452561e+00
   5.2100000000000002e-01   5.9387022409615042e+00
   5.2200000000000002e-01   5.9393277212737292e+00
   5.2300000000000002e-01   5.9399555750073212e+00
   5.2400000000000002e-01   5.9405857997900444e+00
   5.2500000000000002e-01   5.9412183932520364e+00
   5.2600000000000002e-01   5.9418533530258006e+00
   5.2700000000000002e-01   5.9424906767462069e+00
   5.2800000000000002e-01   5.9431303620504936e+00
   5.2900000000000003e-01   5.9437724065782547e+00
   5.3000000000000003e-01   5.9444168079714474e+00
   5.3100000000000003e-01   5.9450635638743830e+00
   5.3200000000000003e-01   5.9457126719337285e+00
   5.3300000000000003e-01   5.9463641297985053e+00
   5.3400000000000003e-01   5.9470179351200798e+00
   5.3500000000000003e-01   5.9476740855521708e+00
   5.3600000000000003e-01   5.9483325787508381e+00
   5.3700000000000003e-01   5.9489934123744863e+00
   5.3800000000000003e-01   5.9496565840838622e+00
   5.3900000000000003e-01   5.9503220915420467e+00
   5.4000000000000004e-01   5.9509899324144602e+00
   5.4100000000000004e-01   5.9516601043688526e+00
   5.4200000000000004e-01   5.9523326050753083e+00
   5.4300000000000004e-01   5.9530074322062392e+00
   5.4400000000000004e-01   5.9536845834363836e+00
   5.4500000000000004e-01   5.9543640564428042e+00
   5.4600000000000004e-01   5.9550458489048843e+00
   5.4700000000000004e-01   5.9557299585043291e+00
   5.4800000000000004e-01   5.9564163829251582e+00
   5.4900000000000004e-01   5.9571051198537077e+00
   5.5000000000000004e-01   5.9577961669786248e+00
   5.5100000000000005e-01   5.9584895219908702e+00
   5.5200000000000005e-01   5.9591851825837079e+00
   5.5300000000000005e-01   5.9598831464527109e+00
   5.5400000000000005e-01   5.9605834112957528e+00
   5.5500000000000005e-01   5.9612859748130109e+00
   5.5600000000000005e-01   5.9619908347069606e+00
   5.5700000000000005e-01   5.9626979886823719e+00
   5.5800000000000005e-01   5.9634074344463102e+00
   5.5900000000000005e-01   5.9641191697081322e+00
   5.6000000000000005e-01   5.9648331921794853e+00
   5.6100000000000005e-01   5.9655494995743013e+00
   5.6200000000000006e-01   5.9662680896088016e+00
   5.6299999999999994e-01   5.9669889600014852e+00
   5.6399999999999995e-01   5.9677121084731350e+00
   5.6499999999999995e-01   5.9684375327468100e+00
   5.6599999999999995e-01   5.9691652305478460e+00
   5.6699999999999995e-01   5.9698951996038510e+00
   5.6799999999999995e-01   5.9706274376447066e+00
   5.6899999999999995e-01   5.9713619424025630e+00
   5.6999999999999995e-01   5.9720987116118334e+00
   5.7099999999999995e-01   5.9728377430092001e+00
   5.7199999999999995e-01   5.9735790343336053e+00
   5.7299999999999995e-01   5.9743225833262521e+00
   5.7399999999999995e-01   5.9750683877305999e+00
   5.7499999999999996e-01   5.9758164452923639e+00
   5.7599999999999996e-01   5.9765667537595135e+00
   5.7699999999999996e-01   5.9773193108822698e+00
   5.7799999999999996e-01   5.9780741144130989e+00
   5.7899999999999996e-01   5.9788311621067169e+00
   5.7999999999999996e-01   5.9795904517200817e+00
   5.8099999999999996e-01   5.9803519810123946e+00
   5.8199999999999996e-01   5.9811157477450969e+00
   5.8299999999999996e-01   5.9818817496818655e+00
   5.8399999999999996e-01   5.9826499845886145e+00
   5.8499999999999996e-01   5.9834204502334885e+00
   5.8599999999999997e-01   5.9841931443868663e+00
   5.8699999999999997e-01   5.9849680648213521e+00
   5.8799999999999997e-01   5.9857452093117782e+00
   5.8899999999999997e-01   5.9865245756351992e+00
   5.8999999999999997e-01   5.9873061615708938e+00
   5.9099999999999997e-01   5.9880899649003583e+00
   5.9199999999999997e-01   5.9888759834073078e+00
   5.9299999999999997e-01   5.9896642148776724e+00
   5.9399999999999997e-01   5.9904546570995940e+00
   5.9499999999999997e-01   5.9912473078634267e+00
   5.9599999999999997e-01   5.9920421649617310e+00
   5.9699999999999998e-01   5.9928392261892780e+00
   5.9799999999999998e-01   5.9936384893430379e+00
   5.9899999999999998e-01   5.9944399522221863e+00
   5.9999999999999998e-01   5.9952436126280961e+00
   6.0099999999999998e-01   5.9960494683643395e+00
   6.0199999999999998e-01   5.9968575172366840e+00
   6.0299999999999998e-01   5.9976677570530885e+00
   6.0399999999999998e-01   5.9984801856237056e+00
   6.0499999999999998e-01   5.9992948007608735e+00
   6.0599999999999998e-01   6.0001116002791202e+00
   6.0699999999999998e-01   6.0009305819951555e+00
   6.0799999999999998e-01   6.0017517437278718e+00
   6.0899999999999999e-01   6.0025750832983436e+00
   6.0999999999999999e-01   6.0034005985298204e+00
   6.1099999999999999e-01   6.0042282872477291e+00
   6.1199999999999999e-01   6.0050581472796694e+00
   6.1299999999999999e-01   6.0058901764554129e+00
   6.1399999999999999e-01   6.0067243726069002e+00
   6.1499999999999999e-01   6.0075607335682388e+00
   6.1599999999999999e-01   6.0083992571757001e+00
   6.1699999999999999e-01   6.0092399412677189e+00
   6.1799999999999999e-01   6.0100827836848909e+00
   6.1899999999999999e-01   6.0109277822699703e+00
   6.2000000000000000e-01   6.0117749348678657e+00
   6.2100000000000000e-01   6.0126242393256426e+00
   6.2200000000000000e-01   6.0134756934925155e+00
   6.2300000000000000e-01   6.0143292952198504e+00
   6.2400000000000000e-01   6.0151850423611588e+00
   6.2500000000000000e-01   6.0160429327721010e+00
   6.2600000000000000e-01   6.0169029643104777e+00
   6.2700000000000000e-01   6.0177651348362318e+00
   6.2800000000000000e-01   6.0186294422114450e+00
   6.2900000000000000e-01   6.0194958843003352e+00
   6.3000000000000000e-01   6.0203644589692580e+00
   6.3100000000000001e-01   6.0212351640866970e+00
   6.3200000000000001e-01   6.0221079975232694e+00
   6.3300000000000001e-01   6.0229829571517195e+00
   6.3400000000000001e-01   6.0238600408469187e+00
   6.3500000000000001e-01   6.0247392464858613e+00
   6.3600000000000001e-01   6.0256205719476652e+00
   6.3700000000000001e-01   6.0265040151135665e+00
   6.3800000000000001e-01   6.0273895738669196e+00
   6.3900000000000001e-01   6.0282772460931939e+00
   6.4000000000000001e-01   6.0291670296799733e+00
   6.4100000000000001e-01   6.0300589225169539e+00
   6.4200000000000002e-01   6.0309529224959384e+00
   6.4300000000000002e-01   6.0318490275108374e+00
   6.4400000000000002e-01   6.0327472354576681e+00
   6.4500000000000002e-01   6.0336475442345510e+00
   6.4600000000000002e-01   6.0345499517417025e+00
   6.4700000000000002e-01   6.0354544558814451e+00
   6.4800000000000002e-01   6.0363610545581921e+00
   6.4900000000000002e-01   6.0372697456784543e+00
   6.5000000000000002e-01   6.0381805271508329e+00
   6.5100000000000002e-01   6.0390933968860221e+00
   6.5200000000000002e-01   6.0400083527968018e+00
   6.5300000000000002e-01   6.0409253927980391e+00
   6.5400000000000003e-01   6.0418445148066873e+00
   6.5500000000000003e-01   6.0427657167417763e+00
   6.5600000000000003e-01   6.0436889965244216e+00
   6.5700000000000003e-01   6.0446143520778133e+00
   6.5800000000000003e-01   6.0455417813272199e+00
   6.5900000000000003e-01   6.0464712821999793e+00
   6.6000000000000003e-01   6.0474028526255053e+00
   6.6100000000000003e-01   6.0483364905352790e+00
   6.6200000000000003e-01   6.0492721938628495e+00
   6.6300000000000003e-01   6.0502099605438309e+00
   6.6400000000000003e-01   6.0511497885159020e+00
   6.6500000000000004e-01   6.0520916757188026e+00
   6.6600000000000004e-01   6.0530356200943292e+00
   6.6700000000000004e-01   6.0539816195863398e+00
   6.6800000000000004e-01   6.0549296721407408e+00
   6.6900000000000004e-01   6.0558797757055025e+00
   6.7000000000000004e-01   6.0568319282306335e+00
   6.7100000000000004e-01   6.0577861276682032e+00
   6.7200000000000004e-01   6.0587423719723166e+00
   6.7300000000000004e-01   6.0597006590991338e+00
   6.7400000000000004e-01   6.0606609870068500e+00
   6.7500000000000004e-01   6.0616233536557074e+00
   6.7600000000000005e-01   6.0625877570079805e+00
   6.7700000000000005e-01   6.0635541950279865e+00
   6.7800000000000005e-01   6.0645226656820732e+00
   6.7900000000000005e-01   6.0654931669386238e+00
   6.8000000000000005e-01   6.0664656967680486e+00
   6.8100000000000005e-01   6.0674402531427933e+00
   6.8200000000000005e-01   6.0684168340373192e+00
   6.8300000000000005e-01   6.0693954374281240e+00
   6.8400000000000005e-01   6.0703760612937181e+00
   6.8500000000000005e-01   6.0713587036146395e+00
   6.8600000000000005e-01   6.0723433623734389e+00
   6.8700000000000006e-01   6.0733300355546902e+00
   6.8799999999999994e-01   6.0743187211449747e+00
   6.8899999999999995e-01   6.0753094171328916e+00
   6.8999999999999995e-01   6.0763021215090447e+00
   6.9099999999999995e-01   6.0772968322660539e+00
   6.9199999999999995e-01   6.0782935473985376e+00
   6.9299999999999995e-01   6.0792922649031240e+00
   6.9399999999999995e-01   6.0802929827784409e+00
   6.9499999999999995e-01   6.0812956990251195e+00
   6.9599999999999995e-01   6.0823004116457842e+00
   6.9699999999999995e-01   6.0833071186450614e+00
   6.9799999999999995e-01   6.0843158180295678e+00
   6.9899999999999995e-01   6.0853265078079151e+00
   6.9999999999999996e-01   6.0863391859907026e+00
   7.0099999999999996e-01   6.0873538505905227e+00
   7.0199999999999996e-01   6.0883704996219485e+00
   7.0299999999999996e-01   6.0893891311015427e+00
   7.0399999999999996e-01   6.0904097430478448e+00
   7.0499999999999996e-01   6.0914323334813805e+00
   7.0599999999999996e-01   6.0924569004246498e+00
   7.0699999999999996e-01   6.0934834419021335e+00
   7.0799999999999996e-01   6.0945119559402823e+00
   7.0899999999999996e-01   6.0955424405675220e+00
   7.0999999999999996e-01   6.0965748938142470e+00
   7.1099999999999997e-01   6.0976093137128249e+00
   7.1199999999999997e-01   6.0986456982975845e+00
   7.1299999999999997e-01   6.0996840456048229e+00
   7.1399999999999997e-01   6.1007243536727964e+00
   7.1499999999999997e-01   6.1017666205417278e+00
   7.1599999999999997e-01   6.1028108442537912e+00
   7.1699999999999997e-01   6.1038570228531253e+00
   7.1799999999999997e-01   6.1049051543858175e+00
   7.1899999999999997e-01   6.1059552368999128e+00
   7.1999999999999997e-01   6.1070072684454022e+00
   7.2099999999999997e-01   6.1080612470742306e+00
   7.2199999999999998e-01   6.1091171708402863e+00
   7.2299999999999998e-01   6.1101750377994062e+00
   7.2399999999999998e-01   6.1112348460093671e+00
   7.2499999999999998e-01   6.1122965935298890e+00
   7.2599999999999998e-01   6.1133602784226300e+00
   7.2699999999999998e-01   6.1144258987511879e+00
   7.2799999999999998e-01   6.1154934525810916e+00
   7.2899999999999998e-01   6.1165629379798094e+00
   7.2999999999999998e-01   6.1176343530167347e+00
   7.3099999999999998e-01   6.1187076957631970e+00
   7.3199999999999998e-01   6.1197829642924466e+00
   7.3299999999999998e-01   6.1208601566796679e+00
   7.3399999999999999e-01   6.1219392710019598e+00
   7.3499999999999999e-01   6.1230203053383514e+00
   7.3599999999999999e-01   6.1241032577697858e+00
   7.3699999999999999e-01   6.1251881263791290e+00
   7.3799999999999999e-01   6.1262749092511593e+00
   7.3899999999999999e-01   6.1273636044725714e+00
   7.3999999999999999e-01   6.1284542101319710e+00
   7.4099999999999999e-01   6.1295467243198765e+00
   7.4199999999999999e-01   6.1306411451287115e+00
   7.4299999999999999e-01   6.1317374706528094e+00
   7.4399999999999999e-01   6.1328356989884067e+00
   7.4500000000000000e-01   6.1339358282336427e+00
   7.4600000000000000e-01   6.1350378564885579e+00
   7.4700000000000000e-01   6.1361417818550930e+00
   7.4800000000000000e-01   6.1372476024370819e+00
   7.4900000000000000e-01   6.1383553163402595e+00
   7.5000000000000000e-01   6.1394649216722490e+00
   7.5100000000000000e-01   6.1405764165425687e+00
   7.5200000000000000e-01   6.1416897990626218e+00
   7.5300000000000000e-01   6.1428050673457051e+00
   7.5400000000000000e-01   6.1439222195069965e+00
   7.5500000000000000e-01   6.1450412536635604e+00
   7.5600000000000001e-01   6.1461621679343406e+00
   7.5700000000000001e-01   6.1472849604401647e+00
   7.5800000000000001e-01   6.1484096293037354e+00
   7.5900000000000001e-01   6.1495361726496327e+00
   7.6000000000000001e-01   6.1506645886043110e+00
   7.6100000000000001e-01   6.1517948752960976e+00
   7.6200000000000001e-01   6.1529270308551922e+00
   7.6300000000000001e-01   6.1540610534136588e+00
   7.6400000000000001e-01   6.1551969411054328e+00
   7.6500000000000001e-01   6.1563346920663129e+00
   7.6600000000000001e-01   6.1574743044339613e+00
   7.6700000000000002e-01   6.1586157763479026e+00
   7.6800000000000002e-01   6.1597591059495178e+00
   7.6900000000000002e-01   6.1609042913820495e+00
   7.7000000000000002e-01   6.1620513307905940e+00
   7.7100000000000002e-01   6.1632002223221019e+00
   7.7200000000000002e-01   6.1643509641253758e+00
   7.7300000000000002e-01   6.1655035543510683e+00
   7.7400000000000002e-01   6.1666579911516823e+00
   7.7500000000000002e-01   6.1678142726815643e+00
   7.7600000000000002e-01   6.1689723970969084e+00
   7.7700000000000002e-01   6.1701323625557496e+00
   7.7800000000000002e-01   6.1712941672179644e+00
   7.7900000000000003e-01   6.1724578092452695e+00
   7.8000000000000003e-01   6.1736232868012166e+00
   7.8100000000000003e-01   6.1747905980511968e+00
   7.8200000000000003e-01   6.1759597411624316e+00
   7.8300000000000003e-01   6.1771307143039742e+00
   7.8400000000000003e-01   6.1783035156467108e+00
   7.8500000000000003e-01   6.1794781433633528e+00
   7.8600000000000003e-01   6.1806545956284404e+00
   7.8700000000000003e-01   6.1818328706183356e+00
   7.8800000000000003e-01   6.1830129665112255e+00
   7.8900000000000003e-01   6.1841948814871168e+00
   7.9000000000000004e-01   6.1853786137278375e+00
   7.9100000000000004e-01   6.1865641614170279e+00
   7.9200000000000004e-01   6.1877515227401503e+00
   7.9300000000000004e-01   6.1889406958844742e+00
   7.9400000000000004e-01   6.1901316790390863e+00
   7.9500000000000004e-01   6.1913244703948793e+00
   7.9600000000000004e-01   6.1925190681445583e+00
   7.9700000000000004e-01   6.1937154704826289e+00
   7.9800000000000004e-01   6.1949136756054086e+00
   7.9900000000000004e-01   6.1961136817110098e+00
   8.0000000000000004e-01   6.1973154869993534e+00
   8.0100000000000005e-01   6.1985190896721534e+00
   8.0200000000000005e-01   6.1997244879329259e+00
   8.0300000000000005e-01   6.2009316799869767e+00
   8.0400000000000005e-01   6.2021406640414138e+00
   8.0500000000000005e-01   6.2033514383051296e+00
   8.0600000000000005e-01   6.2045640009888112e+00
   8.0700000000000005e-01   6.2057783503049304e+00
   8.0800000000000005e-01   6.2069944844677503e+00
   8.0900000000000005e-01   6.2082124016933138e+00
   8.1000000000000005e-01   6.2094321001994519e+00
   8.1100000000000005e-01   6.2106535782057719e+00
   8.1200000000000006e-01   6.2118768339336663e+00
   8.1299999999999994e-01   6.2131018656062986e+00
   8.1399999999999995e-01   6.2143286714486141e+00
   8.1499999999999995e-01   6.2155572496873290e+00
   8.1599999999999995e-01   6.2167875985509324e+00
   8.1699999999999995e-01   6.2180197162696853e+00
   8.1799999999999995e-01   6.2192536010756161e+00
   8.1899999999999995e-01   6.2204892512025207e+00
   8.1999999999999995e-01   6.2217266648859617e+00
   8.2099999999999995e-01   6.2229658403632628e+00
   8.2199999999999995e-01   6.2242067758735109e+00
   8.2299999999999995e-01   6.2254494696575540e+00
   8.2399999999999995e-01   6.2266939199579951e+00
   8.2499999999999996e-01   6.2279401250191970e+00
   8.2599999999999996e-01   6.2291880830872763e+00
   8.2699999999999996e-01   6.2304377924101022e+00
   8.2799999999999996e-01   6.2316892512372943e+00
   8.2899999999999996e-01   6.2329424578202239e+00
   8.2999999999999996e-01   6.2341974104120093e+00
   8.3099999999999996e-01   6.2354541072675111e+00
   8.3199999999999996e-01   6.2367125466433420e+00
   8.3299999999999996e-01   6.2379727267978486e+00
   8.3399999999999996e-01   6.2392346459911252e+00
   8.3499999999999996e-01   6.2404983024850003e+00
   8.3599999999999997e-01   6.2417636945430441e+00
   8.3699999999999997e-01   6.2430308204305565e+00
   8.3799999999999997e-01   6.2442996784145777e+00
   8.3899999999999997e-01   6.2455702667638739e+00
   8.3999999999999997e-01   6.2468425837489496e+00
   8.4099999999999997e-01   6.2481166276420268e+00
   8.4199999999999997e-01   6.2493923967170666e+00
   8.4299999999999997e-01   6.2506698892497443e+00
   8.4399999999999997e-01   6.2519491035174681e+00
   8.4499999999999997e-01   6.2532300377993604e+00
   8.4599999999999997e-01   6.2545126903762682e+00
   8.4699999999999998e-01   6.2557970595307548e+00
   8.4799999999999998e-01   6.2570831435471010e+00
   8.4899999999999998e-01   6.2583709407113011e+00
   8.4999999999999998e-01   6.2596604493110659e+00
   8.5099999999999998e-01   6.2609516676358119e+00
   8.5199999999999998e-01   6.2622445939766713e+00
   8.5299999999999998e-01   6.2635392266264800e+00
   8.5399999999999998e-01   6.2648355638797844e+00
   8.5499999999999998e-01   6.2661336040328299e+00
   8.5599999999999998e-01   6.2674333453835711e+00
   8.5699999999999998e-01   6.2687347862316569e+00
   8.5799999999999998e-01   6.2700379248784435e+00
   8.5899999999999999e-01   6.2713427596269771e+00
   8.5999999999999999e-01   6.2726492887820076e+00
   8.6099999999999999e-01   6.2739575106499705e+00
   8.6199999999999999e-01   6.2752674235390042e+00
   8.6299999999999999e-01   6.2765790257589282e+00
   8.6399999999999999e-01   6.2778923156212603e+00
   8.6499999999999999e-01   6.2792072914391976e+00
   8.6599999999999999e-01   6.2805239515276305e+00
   8.6699999999999999e-01   6.2818422942031269e+00
   8.6799999999999999e-01   6.2831623177839457e+00
   8.6899999999999999e-01   6.2844840205900159e+00
   8.7000000000000000e-01   6.2858074009429572e+00
   8.7100000000000000e-01   6.2871324571660558e+00
   8.7200000000000000e-01   6.2884591875842846e+00
   8.7300000000000000e-01   6.2897875905242806e+00
   8.7400000000000000e-01   6.2911176643143616e+00
   8.7500000000000000e-01   6.2924494072845087e+00
   8.7600000000000000e-01   6.2937828177663810e+00
   8.7700000000000000e-01   6.2951178940932966e+00
   8.7800000000000000e-01   6.2964546346002450e+00
   8.7900000000000000e-01   6.2977930376238760e+00
   8.8000000000000000e-01   6.2991331015025072e+00
   8.8100000000000001e-01   6.3004748245761100e+00
   8.8200000000000001e-01   6.3018182051863221e+00
   8.8300000000000001e-01   6.3031632416764323e+00
   8.8400000000000001e-01   6.3045099323913902e+00
   8.8500000000000001e-01   6.3058582756777977e+00
   8.8600000000000001e-01   6.3072082698839083e+00
   8.8700000000000001e-01   6.3085599133596286e+00
   8.8800000000000001e-01   6.3099132044565138e+00
   8.8900000000000001e-01   6.3112681415277647e+00
   8.9000000000000001e-01   6.3126247229282306e+00
   8.9100000000000001e-01   6.3139829470144040e+00
   8.9200000000000002e-01   6.3153428121444204e+00
   8.9300000000000002e-01   6.3167043166780559e+00
   8.9400000000000002e-01   6.3180674589767261e+00
   8.9500000000000002e-01   6.3194322374034853e+00
   8.9600000000000002e-01   6.3207986503230229e+00
   8.9700000000000002e-01   6.3221666961016627e+00
   8.9800000000000002e-01   6.3235363731073626e+00
   8.9900000000000002e-01   6.3249076797097104e+00
   9.0000000000000002e-01   6.3262806142799235e+00
   9.0100000000000002e-01   6.3276551751908485e+00
   9.0200000000000002e-01   6.3290313608169573e+00
   9.0300000000000002e-01   6.3304091695343470e+00
   9.0400000000000003e-01   6.3317885997207375e+00
   9.0500000000000003e-01   6.3331696497554697e+00
   9.0600000000000003e-01   6.3345523180195054e+00
   9.0700000000000003e-01   6.3359366028954245e+00
   9.0800000000000003e-01   6.3373225027674227e+00
   9.0900000000000003e-01   6.3387100160213103e+00
   9.1000000000000003e-01   6.3400991410445133e+00
   9.1100000000000003e-01   6.3414898762260679e+00
   9.1200000000000003e-01   6.3428822199566195e+00
   9.1300000000000003e-01   6.3442761706284241e+00
   9.1400000000000003e-01   6.3456717266353433e+00
   9.1500000000000004e-01   6.3470688863728446e+00
   9.1600000000000004e-01   6.3484676482379987e+00
   9.1700000000000004e-01   6.3498680106294785e+00
   9.1800000000000004e-01   6.3512699719475574e+00
   9.1900000000000004e-01   6.3526735305941093e+00
   9.2000000000000004e-01   6.3540786849726034e+00
   9.2100000000000004e-01   6.3554854334881057e+00
   9.2200000000000004e-01   6.3568937745472756e+00
   9.2300000000000004e-01   6.3583037065583650e+00
   9.2400000000000004e-01   6.3597152279312175e+00
   9.2500000000000004e-01   6.3611283370772664e+00
   9.2600000000000005e-01   6.3625430324095316e+00
   9.2700000000000005e-01   6.3639593123426197e+00
   9.2800000000000005e-01   6.3653771752927222e+00
   9.2900000000000005e-01   6.3667966196776131e+00
   9.3000000000000005e-01   6.3682176439166476e+00
   9.3100000000000005e-01   6.3696402464307624e+00
   9.3200000000000005e-01   6.3710644256424702e+00
   9.3300000000000005e-01   6.3724901799758618e+00
   9.3400000000000005e-01   6.3739175078566026e+00
   9.3500000000000005e-01   6.3753464077119339e+00
   9.3600000000000005e-01   6.3767768779706628e+00
   9.3700000000000006e-01   6.3782089170631746e+00
   9.3799999999999994e-01   6.3796425234214169e+00
   9.3899999999999995e-01   6.3810776954789095e+00
   9.3999999999999995e-01   6.3825144316707343e+00
   9.4099999999999995e-01   6.3839527304335393e+00
   9.4199999999999995e-01   6.3853925902055346e+00
   9.4299999999999995e-01   6.3868340094264910e+00
   9.4399999999999995e-01   6.3882769865377398e+00
   9.4499999999999995e-01   6.3897215199821682e+00
   9.4599999999999995e-01   6.3911676082042215e+00
   9.4699999999999995e-01   6.3926152496498991e+00
   9.4799999999999995e-01   6.3940644427667541e+00
   9.4899999999999995e-01   6.3955151860038910e+00
   9.4999999999999996e-01   6.3969674778119634e+00
   9.5099999999999996e-01   6.3984213166431756e+00
   9.5199999999999996e-01   6.3998767009512765e+00
   9.5299999999999996e-01   6.4013336291915621e+00
   9.5399999999999996e-01   6.4027920998208723e+00
   9.5499999999999996e-01   6.4042521112975894e+00
   9.5599999999999996e-01   6.4057136620816344e+00
   9.5699999999999996e-01   6.4071767506344717e+00
   9.5799999999999996e-01   6.4086413754190987e+00
   9.5899999999999996e-01   6.4101075349000531e+00
   9.5999999999999996e-01   6.4115752275434064e+00
   9.6099999999999997e-01   6.4130444518167602e+00
   9.6199999999999997e-01   6.4145152061892521e+00
   9.6299999999999997e-01   6.4159874891315463e+00
   9.6399999999999997e-01   6.4174612991158382e+00
   9.6499999999999997e-01   6.4189366346158483e+00
   9.6599999999999997e-01   6.4204134941068229e+00
   9.6699999999999997e-01   6.4218918760655344e+00
   9.6799999999999997e-01   6.4233717789702744e+00
   9.6899999999999997e-01   6.4248532013008584e+00
   9.6999999999999997e-01   6.4263361415386200e+00
   9.7099999999999997e-01   6.4278205981664094e+00
   9.7199999999999998e-01   6.4293065696685954e+00
   9.7299999999999998e-01   6.4307940545310602e+00
   9.7399999999999998e-01   6.4322830512412015e+00
   9.7499999999999998e-01   6.4337735582879265e+00
   9.7599999999999998e-01   6.4352655741616509e+00
   9.7699999999999998e-01   6.4367590973543063e+00
   9.7799999999999998e-01   6.4382541263593236e+00
   9.7899999999999998e-01   6.4397506596716463e+00
   9.7999999999999998e-01   6.4412486957877153e+00
   9.8099999999999998e-01   6.4427482332054824e+00
   9.8199999999999998e-01   6.4442492704243914e+00
   9.8299999999999998e-01   6.4457518059453953e+00
   9.8399999999999999e-01   6.4472558382709373e+00
   9.8499999999999999e-01   6.4487613659049643e+00
   9.8599999999999999e-01   6.4502683873529119e+00
   9.8699999999999999e-01   6.4517769011217165e+00
   9.8799999999999999e-01   6.4532869057197981e+00
   9.8899999999999999e-01   6.4547983996570784e+00
   9.8999999999999999e-01   6.4563113814449586e+00
   9.9099999999999999e-01   6.4578258495963334e+00
   9.9199999999999999e-01   6.4593418026255804e+00
   9.9299999999999999e-01   6.4608592390485677e+00
   9.9399999999999999e-01   6.4623781573826387e+00
   9.9500000000000000e-01   6.4638985561466269e+00
   9.9600000000000000e-01   6.4654204338608388e+00
   9.9700000000000000e-01   6.4669437890470665e+00
   9.9800000000000000e-01   6.4684686202285739e+00
   9.9900000000000000e-01   6.4699949259301057e+00
   1.0000000000000000e+00   6.4715227046778763e+00
